3952698577
3952924233
3953144170
3953759795
3953808983
3953822639
3954816139
3956385577
3961270670
3969273608
3971924264
3971935795
3972558420
3972581045
3972654577
3973711295
3974221514
3974775702
3974876045
3974901577
3974930983
3979937702
3980130202
3980192014
3980227358
3980386295
3980401702
3980563233
3980619233
3980630358
3980659483
3980677920
3980697108
3981339420
3986853014
3987958077
3991162077
3994416983
3995976795
4009107264
4009428389
4009532889
4016020795
4018260108
4020489045
4020702358
4020784014
4020808420
4020953202
4021141077
4021345389
4021444858
4021497889
4021581452
4021766983
4028540889
4028965514
4034978608
4039773608
4045529858
4045921639
4046279170
4046300108
4046884233
4047328295
4047483202
4047935452
4054480108
4054515202
4054537889
4054590764
4059425952
4059456389
4061110014
4061169577
4061318514
4061379514
4062132545
4063355608
4063621702
4063657702
4066628045
4067311295
4068136577
4069458014
4071821702
4072020202
4075497014
4075555389
4075563608
4076031670
4079101795
4079970327
4080193139
4082724170
4083069733
4083275889
4094838733
4095257077
4095327045
4095402983
4096021420
4097607483
4097686389
4101521764
4103582202
4104533389
4104718264
4105908014
4106584108
4106619889
4107330170
4108622795
4110572358
4110969295
4114587858
4114950858
4115521764
4117761358
4117930389
4118177295
4118350139
4119148389
4119213170
4119341202
4119573389
4119617202
4119636202
4119668483
4119690827
4119763452
4119946295
4120031639
4120069170
4120175233
4120211764
4120239014
4120489795
4120658264
4120828545
4121019108
4121099358
4121132639
4121474452
4121574452
4121668202
4121756014
4121881170
4121944920
4122296545
4127958577
4127997108
4128143795
4131493858
4131611545
4131781014
4131888702
4132002014
4132256139
4132526795
4153376420
4154126014
4154249733
4157199014
4157789670
4159347483
4165115014
4169380764
4169779295
4169820670
4169830420
4170807827
4175189827
4175271764
4175283827
4176304577
4176361702
4176419077
4176620264
4176850452
4176941264
4186419452
4186436170
4186477889
4186496733
4186518764
4186550827
4186574920
4186622545
4186844670
4186988952
4187000295
4187029358
4187750983
4187835795
4187999389
4188057920
4188148420
4188796420
4188851483
4188917733
4188968545
4189582264
4189593983
4189617608
4189643545
4189835483
4190123389
4197337452
4198280795
4198368170
4203993170
4206460233
4209502202
4214556514
4215775264
4215935139
4216723264
4217013327
4218647702
4219584889
4219684983
4225937983
4228359952
4230534577
4236400608
4236415702
4236431983
4236449389
4237195170
4244569920
4245239358
4247025858
4247361670
4249272639
4249336233
4249354764
4249484702
4270222545
4271141452
4271738795
4275433014
4279060077
4279365108
4280106889
4280271170
4281018670
4281270139
4282369264
4288863233
4291379514
4291391295
4294422827
4294458920
4299781920
4300919389
4301334670
4304801702
4304882358
4304925452
4310873983
4311791452
4321271983
4321311952
4321341639
4321670358
4321781327
4321837077
4321859983
4321878952
4321893608
4321923108
4321958545
4321978764
4321994483
4322092389
4322164702
4322173608
4322195889
4322242858
4322275483
4322376952
4322429233
4322569545
4323214858
4323870889
4329139170
4329733420
4330794889
4330880420
4331051827
4335534889
4335721952
4336543358
4337787420
4338511889
4341925702
4342273827
4344341045
4345990764
4347900545
4347957889
4351616858
4384835858
4408734889
4408898014
4409003545
4409621108
4409859920
4411974358
4412056108
4412147920
4412226733
4412242327
4412325295
4412360983
4412426420
4412559327
4412701264
4412851639
4412908764
4412991920
4413081889
4413243452
4413323139
4413507577
4413570795
4413754170
4413903014
4413984639
4414131702
4414536327
4414691920
4414762545
4414804358
4414865702
4414898608
4414947045
4415040702
4415057514
4415109327
4415203952
4415246983
4415349389
4415453077
4415553858
4415695577
4415768202
4415897545
4416014233
4416074545
4416197827
4416338295
4416497764
4416730670
4416841045
4417054608
4417222827
4417293139
4417448889
4417494264
4417550545
4417603108
4417720139
4417822514
4417888545
4417994389
4418116452
4418222514
4418334827
4418458764
4418553952
4418729389
4418950233
4419213202
4419563889
4419713514
4419966514
4420195702
4420322014
4420484045
4420655670
4420921514
4421068983
4421236139
4421403452
4421641139
4423560014
4423613795
4423694077
4423704077
4423817420
4423898827
4423921795
4423996264
4424021764
4424061858
4424093889
4424129420
4424195264
4424261045
4424328670
4424356733
4424428795
4424506889
4424563077
4424615545
4424726077
4424793545
4424923077
4424939764
4425028295
4425109233
4425285233
4425488264
4425742608
4426373452
4426547983
4426861483
4427159170
4427330639
4427402889
4427482514
4427511295
4427602858
4427729483
4428033795
4428283420
4428490295
4428724452
4429077358
4429534608
4430239889
4430511889
4431345077
4432793389
4432885358
4433060670
4433222264
4433333014
4435265108
4435994702
4436626639
4436769577
4437116358
4437212264
4437407608
4437471045
4437656483
4437872670
4438870202
4439861420
4439991452
4440052389
4440086733
4440180170
4440200483
4440294264
4440362327
4440457952
4440497202
4440531795
4440701889
4440814483
4440951233
4441080670
4441209827
4441311514
4441427045
4441463452
4441630077
4441794077
4442033733
4442213764
4442472108
4442640639
4442765139
4442841264
4442865139
4442890014
4443054170
4443237264
4443499733
4443608858
4443733702
4443823670
4444077483
4444265202
4444488327
4444630420
4444845170
4445123358
4446088420
4446391077
4446653233
4446930420
4447484545
4448032139
4448159827
4448314639
4448420264
4449333577
4449652952
4449949233
4450033452
4450126545
4450228108
4450315920
4450454202
4450689202
4450882608
4451052452
4451658264
4452038545
4452237889
4452512014
4453183702
4453408139
4453764795
4453968139
4454108577
4454190264
4454250045
4454355045
4454374795
4454404420
4454462452
4454550514
4454691108
4454744952
4454815764
4454947952
4455096608
4455185483
4455266733
4455396608
4455488045
4455689014
4455922264
4456111670
4456548514
4456669452
4456915858
4457077639
4458157983
4458299389
4458437514
4458535514
4458651545
4458763264
4458917483
4459048670
4459080295
4459115889
4459194202
4459220920
4459278483
4459316327
4459350264
4459387983
4459425389
4459506577
4459690327
4459790920
4459871920
4463385170
4463870389
4464210420
4464621764
4464973389
4465937202
4466647670
4466861952
4467093233
4467212545
4467361108
4467515108
4467655264
4467830702
4468082139
4468295514
4468643358
4468891702
4469257889
4470147077
4470237670
4470531264
4470838139
4471000764
4471192045
4471277545
4471348108
4471365795
4471452702
4471552014
4471616483
4471724764
4471849795
4471914170
4472020202
4472124077
4472365514
4472538702
4472788108
4472883139
4472977827
4473141952
4473320795
4473549639
4473696670
4473891170
4474087952
4474235108
4474412983
4474586608
4474732233
4474949889
4475110389
4475171858
4475275827
4475446014
4475475358
4475582170
4475664827
4475886327
4476785452
4477058389
4477281202
4477541264
4478071358
4478318764
4478640733
4479072202
4479136920
4479256577
4479367920
4479502420
4479571827
4479759577
4480026889
4480199108
4480593014
4480812983
4482217514
4483555452
4483700670
4483889920
4485082014
4485451577
4485614795
4485755858
4487719389
4488183827
4488637545
4488739795
4488805139
4488844952
4488869014
4489154983
4489340639
4489760702
4490082295
4491189420
4491738139
4493884858
4496164639
4498509139
4507432327
4507615670
4507807170
4508091202
4508214827
4512747483
4512897795
4513011014
4513396045
4513642389
4513732014
4514588108
4518520795
4518706327
4518833483
4521005889
4522760733
4522961983
4526644452
4526897702
4527109139
4527241827
4527367045
4527631608
4527731889
4527796108
4528198202
4528503139
4528907233
4530246420
4530432139
4530630264
4533475733
4533812420
4534229139
4534954639
4535677170
4536605139
4536705170
4536755702
4536867014
4536945827
4537037170
4537080983
4537171108
4537299608
4537922670
4539974920
4540252170
4540680420
4540784170
4540944795
4541090233
4541322639
4541535264
4541685202
4541827077
4542029483
4542338608
4548903858
4549049452
4550481358
4552709577
4553411170
4553581295
4553620983
4553777764
4553900452
4553911358
4554140327
4554300139
4554427264
4555302889
4558219764
4562467608
4563099795
4563813077
4567192670
4567545264
4573223295
4573509889
4573751170
4573887889
4573953670
4574059045
4574279389
4574675983
4575329077
4575765670
4584304295
4584618639
4584884764
4584969827
4585084702
4585515295
4585985514
4586165233
4586412514
4586556702
4586701733
4586888264
4587041295
4590687077
4590923389
4592165389
4597144733
4601739358
4603788858
4605716452
4605949483
4606363170
4609423702
4609621045
4610457483
4610536983
4610606608
4610694702
4611710670
4618673452
4619048483
4619249733
4619457983
4619638420
4619953858
4620174764
4620378889
4620685233
4625320733
4628588577
4629678920
4630236827
4630392639
4630610827
4630815889
4631337233
4631558233
4631683202
4632309452
4632946639
4634355045
4634476639
4634673608
4634825545
4635127295
4635216264
4635355483
4637747608
4637864983
4638017827
4638110264
4640853858
4662211077
4662677795
4663258608
4663842795
4664216983
4664314764
4664441202
4664874045
4665062170
4665240983
4665433983
4665779327
4665972827
4666930358
4669448045
4669505733
4669560952
4669672139
4669825264
4669981327
4670077483
4677546233
4678266233
4680392764
4683826139
4684002920
4684179920
4684333545
4687520452
4691026014
4691184608
4691278358
4705953639
4706103358
4706358608
4706448670
4706614608
4707056733
4707482670
4707681389
4707776608
4710910764
4711066858
4711871764
4711921452
4712021233
4712304858
4742227452
4743377077
4743685233
4749032827
4749444264
4754335920
4754480983
4754573952
4754787983
4754908202
4755071108
4755237608
4755374577
4755479483
4755602139
4755727608
4755958452
4756034514
4758245420
4758395577
4758522389
4758638889
4758711452
4758784545
4758895389
4759253233
4759528358
4759824702
4760019702
4760521202
4761827295
4761946108
4762135702
4762295295
4762797264
4763371764
4771647858
4772134170
4772215014
4772302639
4772441014
4772485952
4772565420
4772629139
4772678108
4772740295
4772811889
4772900702
4772989733
4773028233
4773072920
4773102827
4773188452
4773211452
4773237514
4773261889
4773290608
4773310108
4773345795
4773364014
4773395639
4773418795
4773444139
4773483358
4773499702
4773520514
4773577920
4773612045
4773641795
4773679045
4773705483
4773734702
4773750264
4773765358
4773821952
4773872045
4773972858
4774054514
4774144452
4774178733
4774214139
4774280639
4774318108
4774392202
4774440795
4774520733
4774603358
4774715202
4775031045
4775221920
4775436764
4775744608
4776167608
4776328358
4776457764
4776679545
4776973295
4777568014
4777733514
4777954420
4778332420
4778528358
4778719483
4778895264
4779075264
4779183889
4779328202
4779490139
4780031670
4780137108
4780331670
4781276889
4782380014
4782473233
4782601983
4782704108
4782917764
4783158514
4783296170
4783658077
4783948233
4784379764
4784669952
4786017545
4786090858
4786208483
4786277295
4786418483
4786494264
4786644733
4786807545
4787057795
4787165389
4787259514
4787493920
4787753920
4787897795
4788067670
4788378108
4788594108
4788916389
4789455389
4791218108
4791296420
4791467483
4791689639
4791914327
4792062795
4792252670
4792420452
4792498920
4792611608
4792798639
4793055920
4793229827
4793305358
4793562139
4793707139
4793784795
4793982889
4794148733
4794417202
4794619858
4794777733
4795052014
4795966483
4796101108
4796437608
4796628983
4797056702
4797366577
4797583577
4798225639
4798423295
4798708983
4799048827
4800025702
4800200764
4800391764
4800488795
4800620264
4800708358
4800728764
4800881702
4801066920
4801244858
4801509983
4801655827
4803077514
4803566077
4803640139
4803764952
4803870858
4804018264
4804162545
4804296670
4804457108
4804519577
4804535702
4804595733
4804748170
4804846670
4804952764
4805075045
4805115202
4805179577
4805374514
4805509670
4805608920
4805682452
4805786889
4805929202
4806116795
4806350545
4806599858
4806777295
4807339233
4807505795
4807662702
4807756014
4807869764
4808009608
4808173983
4808286295
4808441920
4808577077
4808716233
4808846983
4811939545
4812074952
4812222170
4812386420
4812543702
4812769452
4813025733
4813458545
4813602577
4813758702
4813871483
4814052014
4814088514
4814209983
4814281108
4814379545
4814527858
4814699514
4814809420
4814919764
4815187014
4815281139
4815381733
4815501514
4815722327
4815969389
4816114889
4816390139
4816665108
4816878920
4817124639
4817392952
4817501858
4817598295
4817730827
4817826264
4817937202
4818115702
4818190264
4818271702
4818335545
4818429389
4818448108
4818612045
4818632983
4818752827
4818861952
4818983045
4819000639
4819113920
4819284670
4819449889
4819528202
4819583733
4819689045
4819797764
4819931483
4820171045
4820476577
4820676733
4820858045
4821268233
4821466827
4821645639
4821826045
4822094827
4822295358
4822422639
4822562577
4822595327
4822678858
4822841545
4823013014
4823427014
4823727639
4823971014
4824147952
4824238233
4824419483
4825006764
4825434077
4825571670
4825766327
4825884608
4826060264
4826388358
4826536202
4826641639
4826699452
4826781108
4826834233
4826922014
4826973077
4827014764
4827062327
4827175452
4827336733
4827441608
4827624827
4827786358
4827980233
4828281670
4828628014
4828708327
4828929889
4829213202
4829398889
4829528670
4829729045
4829848420
4829912827
4830033702
4830070139
4830134827
4830246420
4830305452
4830339327
4830460045
4830484483
4830644577
4830708045
4830827983
4830912608
4830982514
4831004545
4831027327
4831099452
4831180733
4831311795
4831457170
4831564514
4831777327
4832012920
4832131670
4832426233
4832591358
4832702639
4832889452
4833057858
4833244670
4833427733
4833662827
4833959545
4834338577
4834479827
4834575702
4834658764
4834789139
4834854545
4834909202
4835015420
4835113733
4835254077
4835504202
4835658545
4835742264
4835877795
4836035514
4836184639
4836392327
4836576608
4836680920
4836872858
4837015233
4837077764
4837148264
4837204077
4837238639
4837378889
4837457452
4837590139
4837717358
4837774389
4837877327
4838000858
4838050202
4838074045
4838136233
4838200327
4838393764
4838476327
4838653108
4838730170
4838867670
4838991858
4839096389
4839202483
4839417514
4839576295
4839740733
4839866233
4840032295
4840159702
4840269639
4840390795
4840521858
4840667452
4840803952
4840966514
4841122483
4841325639
4841497045
4841597577
4841676670
4841765108
4841945358
4842177420
4842336327
4842777545
4843299202
4843524358
4843954045
4844155295
4844352514
4844516420
4844714733
4844937264
4845103483
4845253702
4845409358
4845555827
4845668858
4845759077
4845854452
4845915483
4845999639
4846033358
4846104139
4846199358
4846493858
4846695889
4846900108
4847050202
4847191295
4847373983
4847572952
4847863483
4848152483
4848285108
4848327889
4848388108
4848638233
4848794452
4848965264
4849111170
4849225670
4849374483
4849666483
4849838045
4850049702
4850231452
4850345264
4850418983
4850448139
4850590702
4850683420
4850783045
4850858795
4850981514
4851127483
4851254327
4851453858
4851707483
4851976670
4852139670
4852259920
4852440327
4852542077
4852620452
4852837077
4853178920
4853496202
4853773170
4854313889
4854448483
4854750327
4854923920
4855224014
4855379264
4855975889
4856218952
4856483139
4856647827
4856773858
4856947639
4856970358
4857135077
4857352827
4857565764
4857819108
4858018170
4858165452
4858333233
4858561264
4858686170
4858851514
4858932639
4859103733
4859300233
4859546295
4859687389
4860112952
4860296483
4860673045
4860847514
4860966389
4861121670
4861223295
4861343545
4861457702
4861621889
4861774483
4861978795
4862240295
4862444483
4863809108
4864221295
4865297233
4865447077
4865804233
4865938077
4866063983
4866851764
4867260577
4867553545
4870837420
4871073233
4872109920
4872256670
4872477045
4872694702
4872947983
4873399108
4873666014
4873840545
4873973077
4874204483
4874671077
4874978858
4875737952
4877620452
4877743295
4878198139
4878335108
4878401514
4878514045
4878671577
4878856264
4879315827
4879571170
4879770827
4879944920
4882138295
4882666108
4882853014
4882998858
4883215764
4883737295
4883904202
4884225827
4884499170
4884953452
4885400795
4885523483
4885655795
4885822858
4885884514
4886018202
4886122608
4886338952
4886500264
4886656608
4887176358
4887305483
4887411952
4887488545
4887548108
4887650608
4887723889
4887739045
4887816952
4887874952
4887885545
4887951702
4888013514
4888039920
4888094233
4888170577
4888342795
4888489733
4893126608
4894116702
4894790764
4896241264
4896531358
4896876889
4897106170
4897237358
4897544639
4897898139
4900684639
4902272077
4903088170
4903563795
4903718233
4903872545
4904741014
4904879452
4905112233
4905289139
4905429108
4905887608
4906208483
4919706545
4923555077
4925657170
4926084170
4926726827
4930928608
4931579483
4932802545
4932939139
4933055389
4933739295
4934080889
4934361077
4937489545
4938933483
4942758045
4945382858
4970407827
4972855233
4973052952
4973283545
4973489264
4973695795
4974264202
4975720670
4975967858
4976051327
4976115014
4976348889
5093969452
5100098858
5100573327
5104035358
5104118452
5104225764
5104332733
5107438264
5115284795
5120033233
5120180920
5120258358
5120346827
5120464202
5120762264
5121003577
5121168233
5121298889
5127127702
5127199608
5127295858
5127602983
5128337202
5136172170
5138404795
5138790733
5138996670
5139051858
5139132889
5142459202
5142608858
5142702545
5142765420
5142930233
5143097702
5143383139
5150544889
5150661577
5150697670
5150717264
5150813858
5150972358
5151019983
5151069014
5151215139
5151299983
5151449889
5160752608
5160843764
5165457264
5165738952
5166217295
5175191795
5175401264
5176136545
5187607608
5188111170
5188379170
5188564670
5188656670
5188803639
5191411139
5191889983
5197833077
5197859702
5198124233
5198268764
5198933639
5208686045
5232463983
5232617358
5232761764
5235578764
5247150014
5250382139
5265565764
5268119795
5279066108
5281513827
5283170577
5284155420
5284349170
5284428295
5284523264
5284541545
5284611514
5284636108
5284733889
5284894420
5284983139
5285357639
5285643014
5285771483
5285831952
5285871764
5285998264
5294677702
5305478420
5318814014
5320554014
5335336327
5339906577
5340118639
5342488702
5350158077
5357621358
5360771139
5360824045
5360901420
5362249264
5363615420
5366023139
5366476702
5366691514
5366768545
5366828795
5366951827
5367105545
5367263639
5367375795
5369317389
5382224545
5388363139
5390568983
5393664358
5393814233
5393885545
5393977170
5394019577
5394127420
5394140389
5413965514
5414376889
5421169389
5434994077
5437091045
5437257077
5437348483
5437453233
5443158670
5443261233
5443851108
5447277483
5447369295
5447610983
5447747264
5449290139
5449456670
5449948827
5450736202
5450840545
5451156483
5451221827
5451322639
5451383077
5451452264
5451529295
5451640608
5451739858
5451836952
5453182389
5453673420
5454190077
5454645483
5454762983
5455089514
5455190045
5455231670
5455483264
5457537389
5457616295
5457764858
5457981077
5459196764
5463197483
5468084420
5472874545
5480895358
5483078795
5483103827
5483216202
5483349670
5483457139
5483549077
5483612670
5483728795
5483959920
5484061327
5484226045
5484374045
5484645545
5484878358
5485172733
5486726733
5486934639
5487053045
5487188795
5487653327
5487988233
5488264108
5488747702
5489900952
5493259952
5493455483
5497102295
5498516295
5499333733
5500204920
5500344577
5500359670
5500495889
5500593858
5500770358
5502257733
5506596358
5506864764
5506919889
5506968702
5507084983
5507163733
5507175170
5507201952
5507298077
5507333795
5507437514
5507537202
5507623139
5507723233
5507865920
5507984702
5508264702
5508441545
5509008202
5509177577
5509424483
5509550202
5510436639
5510745295
5512062827
5513116233
5517095733
5517270327
5521795639
5522182420
5522433327
5522535827
5522671764
5522862639
5523012952
5523114702
5523206170
5523888202
5524278733
5525014233
5534605983
5540033545
5553446670
5555584295
5555763202
5576850858
5577198233
5577437514
5577554608
5577823983
5577942139
5581463608
5582743764
5582997858
5583037670
5583134952
5583247889
5583430889
5583534670
5583739202
5583994358
5584277389
5584495733
5584651983
5591829108
5592282202
5592485452
5592498983
5592570858
5592626295
5592681702
5592702920
5592867452
5592942420
5593047108
5595796264
5596063514
5602471202
5630375077
5630581327
5634754983
5635139733
5638190452
5640643983
5640852014
5641591358
5650610264
5651414452
5651535702
5651761983
5651911545
5652038327
5652207702
5652345139
5652462983
5652502295
5652589045
5653946295
5654197077
5654454577
5654579764
5654664045
5654993389
5657203327
5657314827
5657478014
5657519483
5657590795
5657729233
5658018545
5658373014
5658511983
5658556920
5658676233
5658774608
5658824670
5658856733
5658875014
5659039452
5659441608
5659614764
5659706389
5659744670
5659876420
5659980545
5660118639
5660191295
5660225889
5660860952
5661025483
5661120827
5661193827
5661333733
5661901858
5662582170
5662722264
5663298608
5663884045
5663949952
5664131045
5664389233
5664700577
5664854077
5665002389
5665722983
5665937389
5666813264
5667728889
5670288545
5671177827
5675027702
5675360608
5675614514
5676662358
5677777670
5686626827
5706057139
5706129670
5708019702
5708083577
5708761764
5710248858
5710910545
5711753420
5712060483
5720798264
5720976202
5721345014
5721480358
5721725358
5724194170
5724866952
5725303577
5726506577
5727728233
5728793827
5729387264
5729904920
5730243827
5730411827
5730495764
5733030108
5733139827
5735746327
5737792452
5747445358
5755975858
5756002952
5756087077
5756148577
5756355420
5756502483
5756565827
5756644920
5756752639
5756833108
5756930077
5757066358
5757121858
5757461952
5762732483
5768059514
5769278795
5769402327
5769613327
5770101514
5770355827
5770629764
5772289639
5772353170
5772971295
5773097358
5774115764
5774224639
5774391983
5774532358
5774817920
5774948170
5775255077
5775548108
5777471014
5778707827
5779034608
5779152108
5779504795
5779746483
5779982608
5781047233
5781235389
5782435389
5784941014
5785053045
5785154452
5787621983
5793671514
5794416108
5806281014
5814773045
5814936139
5815076670
5815358483
5815451202
5826683420
5841679389
5842047952
5842158327
5842269639
5842357764
5842443420
5842473577
5842591202
5842815639
5843354420
5844585827
5846910889
5850491639
5850874264
5851042077
5851255702
5851495670
5851551545
5851668139
5851850764
5852008670
5852162858
5852239545
5852457233
5852522702
5852669077
5852847608
5852965795
5853128358
5853368858
5853473514
5853644545
5853785327
5853889358
5854089639
5854186327
5854276264
5854320733
5854400358
5854473233
5854610389
5854675889
5854696952
5854745639
5854785764
5854851077
5854911795
5854931108
5854979452
5855023264
5855057577
5855084420
5855148889
5855210670
5855234827
5855260420
5855295514
5855315670
5855335514
5855369452
5855399108
5855449827
5855488233
5855509952
5855535608
5855571514
5855598733
5855634858
5855698889
5855742639
5855783358
5855865577
5855920014
5855975983
5856002858
5856052920
5856079202
5856104670
5856125077
5856148264
5856202577
5856228889
5856258420
5856280577
5856303452
5856331077
5856358202
5856380389
5856400202
5856425889
5856452514
5856472764
5856493233
5856507952
5856533702
5856560420
5856587358
5856614608
5856631577
5856660639
5856684202
5856699764
5856725858
5856746577
5856778545
5856807608
5856839514
5856862077
5856884577
5856933670
5856961170
5856979389
5857032827
5857062358
5857108920
5857156514
5857183577
5857221827
5857251420
5857279233
5857315514
5857329889
5857362045
5857386420
5857411202
5857430358
5857453733
5857482327
5857498233
5857516420
5857553139
5857597920
5857623389
5857637733
5857663233
5857688202
5857726077
5857754795
5857805264
5857830827
5857874608
5857899983
5857927733
5858018639
5858142545
5858195889
5858279358
5858390295
5858412295
5858487483
5858521483
5858625202
5858701014
5858724827
5858743670
5858791045
5858809920
5858849545
5858872170
5858883014
5858926358
5858958545
5858999952
5859020827
5859049577
5859132858
5859211889
5859237202
5859289483
5859316233
5859399452
5859477233
5859580577
5859659952
5859712014
5859731577
5859814920
5859928920
5860027795
5860124733
5860343514
5860435733
5860581295
5861074233
5862101264
5862415795
5875258639
5875324795
5876594920
5876729639
5876852452
5876912920
5877041327
5877133264
5877209952
5877298452
5877332733
5877365952
5877406733
5877418045
5877458639
5877540108
5877616639
5877798389
5877854483
5877901389
5878018889
5878128858
5878474577
5881549389
5881808045
5882110920
5883443327
5890046108
5890149170
5890285827
5890821608
5893431139
5893606795
5893753827
5894230858
5894394639
5894600420
5894918452
5895094139
5895273389
5895415764
5895484952
5895590483
5895779108
5896284514
5896432483
5896563952
5896733514
5896924420
5897186639
5898267702
5898519733
5898974702
5900659108
5901181795
5901310514
5901381577
5901627170
5901744577
5901884452
5902035014
5902771139
5905195858
5906945795
5907425764
5907591358
5907717858
5907894983
5907972483
5909252170
5909356295
5909979264
5910385764
5910948733
5911094139
5911402545
5911521170
5911616045
5921631670
5938234952
5938326264
5938432983
5938612577
5938729733
5938780420
5938871389
5938987514
5939301170
5939404795
5939586233
5939811577
5941973952
5942045514
5944509014
5944807264
5945509983
5945963889
5946272108
5946810483
5950715764
5950955545
5951066389
5951136577
5951218045
5951333389
5951383077
5951484952
5951646045
5951829108
5952106639
5955146170
5955357514
5955475858
5955627702
5955795952
5956163264
5956338358
5959340077
5959566827
5960013702
5965406764
5965615670
5966474514
5968595014
5968698202
5969017545
5969715483
5970169670
5971104702
5971773795
5971846264
5971984358
5972483670
5973140858
5973632452
5973749702
5973838389
5973918702
5975875952
5975965233
5976113952
5976301014
5976528358
5976636702
5976719702
5976956795
5977004264
5977111827
5977141764
5977242858
5977557889
5979707233
5980194827
5980283420
5980305733
5980533108
5980580983
5980595608
5980724733
5980842483
5981059483
5981225639
5981285202
5981513452
5981639764
5981984014
5982114827
5982291170
5982857420
5982977358
5984297577
5984497827
5984633202
5984712420
5984757233
5984842108
5984902795
5984913045
5984949327
5984972983
5985019358
5985043295
5985105483
5985167827
5985185420
5985208014
5985235858
5985255108
5985292514
5985329889
5985376452
5985393702
5985430233
5985453420
5985504420
5985542077
5985567702
5985585389
5985645264
5985739952
5985821702
5985858983
5985886795
5985957577
5985983702
5986026327
5986065233
5986131108
5986220514
5986306764
5986373452
5986536827
5986700889
5986894420
5987075608
5987236295
5987458420
5987560952
5987648264
5987833452
5988037327
5988359608
5988494795
5989111639
5989197764
5989416264
5989653577
5990974639
5999136577
6003609170
6008026545
6008300827
6008394764
6008576764
6009818920
6010011795
6010221264
6011179608
6011374577
6011430452
6011570077
6013440952
6013524889
6013655045
6013857264
6014707577
6021301264
6021413077
6022746202
6023588702
6024131514
6024441108
6024673577
6024795952
6024917233
6025108920
6025377764
6025553264
6025673108
6025830420
6025858889
6026007889
6026177045
6026322108
6026358452
6026426170
6026523202
6026686202
6026721452
6026747452
6026794233
6026845139
6026892920
6026945264
6026956983
6027002295
6027026389
6027073452
6027131764
6027161764
6027197483
6027252358
6027292295
6027347639
6027394702
6027419952
6027464608
6027499389
6027522233
6027544764
6027565452
6027592889
6027606327
6027632389
6027646702
6027663920
6027691514
6027712764
6027726077
6027765014
6027795295
6027836514
6027869358
6027943295
6027975077
6028007858
6028089795
6028117358
6028197077
6028234514
6028292327
6028319733
6028382170
6028469608
6028506108
6028526327
6028551170
6028591264
6028635795
6028663858
6028723983
6028764389
6028821139
6028893452
6028931952
6028975827
6028995483
6029017858
6029055170
6029146858
6029180858
6029236670
6029282358
6029333889
6029358389
6029396295
6029447014
6029468264
6029496639
6029528295
6029559608
6029584920
6029616920
6029698983
6029752514
6029810045
6029824420
6029849420
6029876577
6029904358
6029938483
6029957452
6029976358
6029995889
6030056233
6030117077
6030189577
6030275045
6030301764
6030317327
6030345389
6030383514
6030413952
6030486514
6030524639
6030554608
6030572389
6030595670
6030612639
6030642483
6030662202
6030689514
6030713389
6030740983
6030757920
6030791920
6030820702
6030841577
6030911108
6030957858
6030977545
6031027139
6031061670
6031091670
6031130639
6031166983
6031233358
6031261389
6031289920
6031340670
6031404514
6031449233
6031532452
6031688608
6031807514
6032089858
6032241327
6032410108
6032667889
6032945420
6033258608
6033487733
6034771264
6035934858
6036088295
6036192889
6036399577
6036691170
6036757077
6037308389
6039040764
6039361545
6039828452
6053287452
6053434389
6054157108
6054276420
6054390202
6054498483
6056144733
6056452514
6056614514
6056763795
6056979514
6057202889
6061461920
6066915827
6069515452
6069736045
6077634889
6077701952
6077813483
6078117795
6082838327
6082925202
6082974639
6083001077
6083090608
6083222670
6083438483
6083750702
6083945827
6084292639
6086043889
6086580077
6087085764
6087265983
6087865514
6088058858
6088246264
6088335483
6088529858
6088665389
6088756389
6090394108
6091860389
6091982108
6092265233
6092355952
6092634358
6092753889
6098092764
6103206233
6103675264
6103798264
6104037327
6104290514
6104485264
6105023577
6105491920
6105801702
6106055358
6106209983
6106341295
6106484545
6106604858
6106907952
6107059639
6107189702
6107232983
6107350795
6107423045
6107496827
6107541014
6107594327
6107623827
6107749733
6108038327
6108387483
6108491608
6108612545
6108838858
6108975108
6108994764
6109125014
6109256014
6109328389
6109445077
6109595983
6109655889
6109739389
6109809795
6109910202
6110007295
6110110920
6110138795
6110249358
6110324608
6110407327
6110451889
6110504202
6110592170
6110653295
6110732202
6110814952
6110925389
6111016108
6111139327
6111199389
6111357608
6111741202
6111957702
6112147639
6112263483
6112398577
6112609545
6112866108
6112994920
6113177170
6113243202
6113310545
6113326327
6113385608
6113479702
6113750983
6113869295
6114025920
6114139420
6114217014
6114336233
6114452920
6114578139
6115372952
6119257795
6120255452
6120493545
6121571420
6123459420
6123699952
6124408108
6124569233
6124798327
6124895952
6125594545
6125660389
6125706077
6125759233
6125880108
6126014577
6126194014
6126293577
6126344639
6126456139
6126828483
6127022139
6127309827
6127516827
6127758764
6127784827
6127918952
6128138420
6128260264
6128299452
6128366202
6128434795
6128506420
6128646139
6128745233
6128819264
6128880639
6128922108
6128994920
6129157233
6129223139
6129270483
6129300358
6129336295
6129434827
6129466295
6129554452
6129611514
6129701702
6129777702
6129861452
6129881858
6130494389
6130650702
6130762108
6130923514
6130987264
6131071202
6131197639
6131371733
6131463139
6131593327
6131821639
6131997670
6132102577
6132258514
6132401920
6132572452
6132681452
6132744170
6132868983
6132921139
6133029077
6133166670
6133301139
6133389889
6133540483
6133646014
6133791139
6133852983
6133948764
6134052670
6134213045
6134295952
6134399483
6134531045
6134692389
6136529327
6136728733
6136828608
6136923045
6137119170
6137241514
6137385608
6137666702
6139840264
6139928514
6140010295
6140106233
6140225202
6140324327
6140387077
6140479702
6140521670
6140655670
6140853077
6140998327
6141207858
6141682452
6146227952
6146276514
6147534670
6147974702
6149233295
6149715295
6151355077
6151615108
6153046920
6153682233
6154223858
6154683889
6154868733
6154917170
6155177077
6155614733
6155941295
6156320045
6156635452
6160559952
6178135202
6179835577
6188264795
6188382045
6188574295
6188988233
6189187670
6189292014
6189723077
6190095858
6190263952
6190983889
6191713139
6192034577
6192586670
6199275920
6199421514
6199563295
6201755545
6202327077
6202832139
6203007920
6203045795
6203129795
6203151108
6203266452
6203489670
6204061514
6204088014
6204135483
6204237952
6204334733
6204387920
6204456389
6204481702
6204526452
6204606170
6204705014
6204817170
6204885858
6204990702
6205060295
6205174483
6205418983
6205571514
6205878920
6205962514
6206001764
6206045827
6206091733
6206135827
6206181108
6206237702
6206342233
6206369764
6206434920
6206603358
6206754889
6206943139
6207006264
6207068545
6207146920
6207215889
6207288670
6207416795
6207488983
6207643983
6207770952
6207911077
6208147483
6208414889
6208514170
6208555514
6208633170
6208826983
6208952358
6209019389
6209031077
6209169389
6209280295
6209451233
6209521327
6209934983
6210642577
6210771545
6211046858
6211335577
6211397702
6211485858
6212070295
6212616889
6212705514
6212874764
6212916639
6212993295
6213063889
6213201420
6213748108
6213836795
6213895952
6213931952
6213976983
6214044608
6214109483
6214162733
6214194920
6214250858
6214284670
6214330514
6214356452
6214425045
6214489233
6214625264
6214733077
6214834452
6215027108
6215143139
6215401733
6215471545
6215515045
6215573702
6215653670
6215734077
6215865233
6215932545
6216005452
6216118233
6216175014
6216276202
6216642858
6216737514
6216832702
6216879420
6217164452
6217332608
6217488452
6217581108
6217632077
6217663420
6217734108
6217853327
6217964670
6218005639
6218062108
6218086295
6218217608
6218263889
6218294670
6218322295
6218369670
6218392139
6218413952
6218434139
6218503514
6218550670
6218565202
6218603295
6218634920
6218652545
6218688295
6218748420
6218787608
6218805889
6218834420
6218862295
6218889264
6218926639
6218960702
6219005452
6219051202
6219068670
6219098452
6219131733
6219177983
6219212452
6219256545
6219287983
6219323545
6219350014
6219367327
6219417577
6219466858
6219498920
6219520827
6219558420
6219590608
6219622920
6219675639
6219708327
6219733045
6219753014
6219797952
6219820233
6219849202
6219877733
6219920108
6219956295
6219984483
6220024952
6220055795
6220071889
6220093764
6220109608
6220150420
6220170077
6220190608
6220240420
6220259389
6220299764
6220326764
6220365170
6220383295
6220406827
6220425639
6220462733
6220489983
6220513827
6220541702
6220595577
6220618452
6220642139
6220672077
6220695233
6220750764
6220806702
6221046577
6221153358
6221261608
6221384295
6221413233
6221449233
6221516670
6221535639
6221568108
6221630577
6221708452
6221776514
6221830952
6221862233
6221915670
6221968952
6222067545
6222128420
6222213483
6222364670
6222532545
6222708795
6222843920
6222944483
6223076795
6223274577
6223461452
6223688983
6223989764
6224076483
6224255014
6240288952
6240827045
6242185764
6242506483
6242785889
6242985764
6243076952
6243290514
6243537139
6243629983
6243768920
6243867202
6244158389
6245862327
6247986983
6251249577
6255323264
6258816358
6259697670
6261078483
6263820233
6264211795
6267708889
6267875202
6267988670
6268150014
6268239920
6268255358
6268339889
6268618233
6268743264
6268763733
6268883764
6269043389
6269080139
6269258889
6269440389
6269509889
6269655514
6269763952
6269807670
6269978764
6270082420
6270153858
6270241108
6270357014
6270630670
6270856202
6270978608
6271170327
6271308327
6271835139
6271965889
6272090108
6272214608
6272403389
6272519889
6272624670
6272786170
6273011608
6273370014
6273466139
6274228420
6274253670
6274626639
6276097608
6276561889
6281483545
6304172327
6304560764
6318473295
6318545014
6318719702
6319184670
6322093295
6333011452
6333149545
6333409545
6343173358
6362029264
6365804827
6365993264
6366054233
6366074858
6374869764
6377077139
6377188514
6382216983
6382982264
6384050795
6384137108
6384295577
6384501170
6384692077
6384822170
6385171483
6399799952
6400695420
6404263014
6406934233
6407081702
6407261733
6407602733
6407780577
6408046170
6415150920
6416902139
6419736483
6422718983
6423466327
6423978327
6425854733
6426075389
6426348452
6426529577
6426863983
6427009202
6428601233
6428690514
6428767795
6428877452
6428929139
6429051233
6429133420
6429221920
6429350514
6429524670
6429658952
6429756889
6429904420
6430770920
6430914014
6431124702
6431818639
6435137139
6439019764
6441976702
6442196827
6442315202
6442557639
6442801327
6442927045
6443327827
6443825014
6444530733
6444635795
6445095795
6445141233
6445264420
6445434889
6447487858
6465225639
6474952045
6475043952
6475192170
6475534420
6480554420
6485325077
6487287233
6492855545
6493253483
6495231639
6496252639
6496528702
6496643483
6496768795
6497126920
6497166077
6497198389
6497329733
6497876483
6498287170
6498388608
6498406170
6498665202
6498754858
6498850139
6498961389
6499200483
6499371045
6499453889
6499505327
6499528420
6499570577
6499624358
6499660827
6499687327
6499713889
6499732733
6499747858
6499782827
6499802327
6499846108
6499868420
6499912858
6499960920
6499988670
6500018045
6500051264
6500128733
6500149827
6500202577
6500256327
6500322452
6500362045
6500390045
6500460920
6500522483
6500593639
6500685514
6500815014
6500889795
6500954077
6501106139
6501226733
6501357420
6501476983
6501636420
6501737420
6501804389
6502024608
6502134608
6502247264
6502297764
6502395827
6502662264
6502845327
6502957764
6503067702
6503245639
6503339702
6503486639
6503724764
6503847827
6503976889
6504220202
6504305608
6504963420
6505209483
6505671920
6505914420
6506937420
6507041389
6507068639
6507275077
6507425108
6507513889
6507638952
6507760514
6507937014
6508061702
6508164233
6508251420
6508424764
6509008733
6509138545
6509539733
6510258108
6510407420
6510628514
6511072920
6511942170
6512203358
6512491889
6512615920
6512622327
6512716545
6512843545
6512975420
6513222920
6513588014
6513728514
6515422889
6515516764
6515635139
6515782733
6515925077
6516048045
6516155577
6516263733
6527621608
6528452764
6530956733
6531151795
6532027170
6535180608
6535753170
6536192452
6537378295
6547559045
6547862920
6549014702
6549280889
6549308795
6549446358
6549645420
6549910139
6550092889
6550132514
6550225077
6550317545
6550356295
6550503045
6550801202
6550899514
6551160452
6551698420
6555272045
6558365202
6558434233
6558737920
6569332545
6569641108
6573580702
6577143827
6577855358
6578846889
6579652327
6584339733
6585777139
6594282577
6594810358
6594924108
6595036514
6595132108
6595321358
6595524139
6595688795
6596526733
6596568077
6596629952
6596710170
6596782295
6596861420
6596942108
6597122483
6597256702
6597336483
6597435014
6597560795
6600290045
6600480327
6600548733
6600622702
6600661327
6600699733
6600774952
6600854264
6601678702
6606731827
6610652889
6614642170
6615153170
6615427702
6615629358
6615890420
6616008358
6616262202
6616484139
6616605795
6616769889
6617110920
6617242389
6617539108
6617676327
6617694108
6618091358
6618341389
6618442764
6618556577
6618646983
6618799233
6618850014
6618881764
6618937483
6619007514
6619064233
6619178358
6619319202
6619435577
6619544139
6619687702
6619854389
6620008795
6620159639
6620369920
6625205733
6626451327
6626629202
6627045920
6627386889
6627829045
6627866920
6627964202
6628054327
6628113420
6628214920
6628439764
6628835170
6629087920
6629116920
6629252545
6629371452
6629646202
6629925983
6630097795
6630234577
6630379514
6632972264
6637269452
6638979264
6640589077
6640718702
6640755420
6640801202
6640819295
6640930389
6640995577
6641103108
6641235483
6641290170
6641390233
6641555733
6641671014
6641715733
6641815389
6642020702
6642210202
6642325514
6642465045
6642656077
6642843420
6642955045
6643102452
6644232733
6644425452
6644902327
6644993139
6645157202
6648998014
6649256764
6649373577
6649532702
6649821920
6650054202
6650121577
6650199827
6650292077
6650326014
6652354264
6652483670
6652761264
6653109983
6653258420
6657246983
6657737327
6657784358
6657897108
6657976170
6658022545
6658056170
6658071514
6658143233
6658170733
6658200452
6658228670
6658396233
6658500545
6658543483
6658631733
6658716420
6658831608
6658904045
6659086202
6659212327
6659333045
6659426795
6661783170
6661914139
6662191170
6668323420
6668420139
6668494670
6668632670
6668758295
6668907733
6669023827
6669610295
6669958170
6670217827
6670610358
6671065952
6671283452
6671426327
6671554733
6671902858
6672039077
6672317795
6672565889
6673810045
6691719139
6691739170
6692884608
6694322702
6698815358
6699655608
6699870295
6700475108
6700978577
6701077045
6701166139
6701526889
6701771858
6702261545
6702382920
6703800420
6703976295
6704102139
6704173045
6704200733
6704218139
6704286545
6704294045
6704383702
6704446108
6704537577
6704624858
6704731889
6704779858
6704847795
6705049764
6705203358
6705310108
6705617639
6706138889
6706598889
6706764670
6706931139
6707352827
6708345639
6708545295
6708724327
6708966952
6712413577
6712599639
6714828639
6715982452
6716988577
6717097920
6717217327
6717973389
6720751139
6720972452
6721249389
6721420545
6722563077
6725138983
6725255264
6726659920
6727629295
6727773202
6728396358
6729669077
6730283420
6730405983
6730499108
6731666514
6731812858
6732068764
6732260639
6732507670
6732610733
6732716327
6732900608
6733014889
6733103264
6733204139
6733359858
6733412295
6733460452
6733481077
6733577952
6733716108
6733950514
6734092045
6734269077
6735112577
6735202639
6735688327
6735884670
6736053608
6736306795
6736404670
6736546170
6736748108
6736905202
6736933827
6737359327
6737399577
6737568389
6737645889
6738625514
6738976920
6739086514
6739122202
6740135295
6748519889
6748972233
6749177889
6749376983
6750935670
6754639983
6758919014
6758989608
6768739670
6769311077
6772357327
6776586108
6779108389
6780052702
6789208795
6789279920
6796678295
6798914733
6798993920
6799083233
6799193858
6799270952
6799355139
6799409858
6799488795
6799600108
6799675483
6799775858
6799844295
6799913577
6800113170
6800322545
6800395358
6800417952
6800480608
6800572233
6800650858
6800722202
6800795139
6800879233
6800944702
6800996139
6801031858
6801056983
6801115764
6801138670
6801254420
6801417577
6801534702
6801621452
6801765795
6801880514
6802031639
6802157795
6802331045
6802492983
6802640295
6802846139
6802983639
6803166608
6803309920
6804638358
6804850983
6805119295
6805371045
6805537452
6805622514
6806043202
6806291233
6806422045
6807132733
6807298452
6807387920
6807560420
6807866014
6808383045
6809245545
6809669827
6809896452
6810310889
6811002389
6811122952
6811422295
6811508795
6811760108
6811908920
6811999420
6812100764
6813220577
6813296233
6813336764
6813436952
6813525733
6813635920
6813738264
6813829452
6813979202
6814051045
6814097014
6814105452
6814126139
6814177764
6814197545
6814205795
6814255952
6814270483
6814320795
6814359952
6814459014
6814567045
6814602233
6814621233
6814742858
6814776170
6814815858
6814881889
6814894702
6815068545
6815169577
6815209452
6815242358
6815267452
6815315264
6815351983
6815379889
6815425952
6815445483
6815502483
6815530077
6815569764
6815584670
6815637983
6815657639
6815710795
6815770889
6815797608
6815827639
6815867483
6815887983
6815929827
6816055889
6816123420
6816185389
6816214639
6816267920
6816326233
6816365858
6816396233
6816406983
6816488608
6816565702
6816597608
6816636420
6816675045
6816713327
6816788452
6816862452
6816922358
6817067764
6817225577
6817392827
6817456514
6817644795
6817798233
6817876327
6817966577
6818075327
6818221639
6818410202
6818695858
6819056295
6819274358
6819380514
6819575795
6819974733
6820100108
6820155858
6820180639
6820226358
6820247827
6820300295
6820318077
6820351108
6820368170
6820388639
6820434108
6820471483
6820617920
6820800670
6820892077
6820974733
6821101608
6821210764
6821232108
6821290170
6821385577
6821485452
6821653827
6821805170
6821910452
6822031014
6822379202
6822516420
6822694545
6822859452
6826537233
6827447483
6827663827
6827921077
6833014545
6836522139
6837032202
6837364045
6837506452
6838270920
6838584670
6838846702
6839113139
6839359670
6839645358
6839733545
6839826389
6839849452
6839912170
6839948420
6839983670
6840062827
6840098233
6840134264
6840147670
6840249264
6840287858
6840328952
6840349358
6840377420
6840456233
6840498452
6840540202
6840612639
6840661639
6840709295
6840723514
6840747452
6840771577
6840829170
6840837639
6840872608
6840912233
6840964483
6841048358
6841086420
6841155139
6841198889
6841246483
6841261827
6841329452
6841348420
6841376608
6841405827
6841512858
6841558764
6841602639
6841629920
6841651077
6841671764
6841706858
6841729608
6841762983
6841799045
6841827889
6841879014
6841946827
6841989420
6842083952
6842123327
6842236077
6842342827
6842407889
6842504264
6842547358
6842599170
6842620670
6842661389
6842683670
6842781670
6842798795
6842824764
6843083608
6843151202
6843174670
6843217795
6843257795
6843276077
6843295920
6843321358
6843369233
6843396045
6843409920
6843437608
6843460827
6843500358
6843511420
6843548014
6843584733
6843610827
6843665483
6843716295
6843760545
6843814045
6843858108
6843889452
6843971139
6844013889
6844092545
6844142420
6844160139
6844183983
6844249358
6844302577
6844366202
6844414764
6844439202
6844496014
6844520827
6844621108
6844657295
6844720420
6844785483
6844859202
6844955827
6845020233
6845048233
6845118420
6845154639
6845176639
6845207952
6845278233
6845303889
6845324389
6845346764
6845405045
6845423577
6845466483
6845570170
6845612420
6845624389
6845682170
6845703108
6845751545
6845786608
6845806045
6845820077
6845866483
6845905920
6845936014
6845958389
6845997577
6846032295
6846059139
6846100545
6846121858
6846160858
6846185014
6846214389
6846256295
6846296358
6846343639
6846374014
6846389483
6846427858
6846484170
6846537702
6846598733
6846634545
6846661639
6846685764
6846716952
6846730545
6846746670
6846769514
6846795389
6846854983
6846897170
6846956920
6846982420
6846997452
6847018702
6847053514
6847073170
6847112889
6847141264
6847180139
6847252577
6847284108
6847314795
6847352889
6847404170
6847424358
6847458702
6847510920
6847568764
6847647920
6847682545
6847816327
6847886545
6847974139
6847998733
6848042170
6848088139
6848135764
6848202514
6848237139
6848351670
6848455764
6848722483
6848877077
6848972327
6849076545
6849194608
6849419858
6849531670
6849662327
6849865389
6850480889
6851462327
6852264577
6853878139
6854391139
6854822420
6855021139
6855240920
6855509858
6856473202
6856595108
6857097077
6857274670
6857363702
6857400170
6857429295
6858231452
6858382202
6858429827
6858470108
6858582733
6858839358
6858973014
6859239139
6859407295
6860098702
6860399295
6861488483
6862992077
6863083420
6863161420
6863246014
6863273077
6863334264
6863404952
6863445545
6863507889
6863527045
6863546608
6863574577
6863645858
6863678108
6863716827
6863740452
6863769358
6863802389
6863852389
6863901452
6863931202
6863989233
6864009858
6864050077
6864241014
6864690514
6864921483
6868960983
6869763139
6870157014
6870239233
6870357733
6870423952
6872938577
6873631045
6873681889
6873808202
6873858202
6873969577
6874007795
6874066452
6874182889
6874323108
6874476827
6874606202
6874716045
6875050858
6875349452
6875478358
6875823577
6876102389
6876248358
6876533858
6877039920
6877127170
6877785858
6878468358
6881445045
6881801202
6881951358
6883173795
6883836264
6886233420
6886417108
6886576264
6887540858
6887713639
6887802639
6889022358
6889105452
6889252452
6889395202
6889437639
6889466764
6889493608
6889516420
6889625639
6889783077
6889924639
6890050358
6890136014
6890177327
6890245295
6890319420
6890338577
6890407108
6890432545
6890451733
6890479889
6890504639
6890530295
6890549264
6890577514
6890597702
6890614577
6890641952
6890672670
6890689545
6890706795
6890753389
6890774545
6890812983
6890860295
6890890483
6890937420
6890974233
6891006483
6891044295
6891084827
6891111983
6891145327
6891165670
6891186045
6891209670
6891250764
6891331889
6891364483
6891407608
6891436045
6891454139
6891512045
6891540952
6891560858
6891600170
6891636514
6891680670
6891718264
6891753014
6891775858
6891795545
6891816358
6891848202
6891912577
6891962639
6892003233
6892062483
6892090233
6892165764
6892269358
6892317420
6892350327
6892394545
6892416139
6892438733
6892538358
6892725827
6892829202
6893342108
6893454264
6893540514
6894015764
6894547358
6895227170
6900591889
6900778702
6901564795
6902463045
6903976295
6904185920
6904267420
6904459202
6906315358
6906941920
6910432170
6910581514
6911404639
6911935670
6912545202
6913804545
6914218202
6914420920
6914894139
6916032295
6916649233
6916784733
6916924233
6917044077
6917148358
6918168545
6919357733
6919605983
6919938733
6920185827
6920290670
6920362233
6921949483
6922896483
6923064545
6923148983
6923311702
6923431420
6923604639
6923728983
6923832920
6924058264
6924093264
6924139795
6924193545
6924300327
6924480077
6925016577
6926751702
6929001358
6930721077
6930856608
6931809952
6932891327
6933010702
6933161764
6933750233
6934329077
6934555670
6934835827
6934948514
6935045764
6935111077
6935153702
6935302795
6935533420
6935742983
6936038014
6936155608
6936258139
6936457952
6936655952
6936750514
6936880452
6937053358
6937235889
6938099014
6938678608
6943031452
6943601077
6943798702
6950484327
6950570639
6950852202
6951998108
6952564327
6953308827
6955718795
6956167108
6957425670
6957585202
6958834108
6958946858
6959096952
6959325795
6962017608
6962181983
6962651358
6962795233
6962894545
6963017264
6963231952
6963328983
6963401545
6963469858
6963488670
6963526858
6963630358
6963691545
6963747514
6963904545
6963983858
6964080452
6964196233
6964365483
6964478952
6964584077
6965066108
6965216764
6965331639
6965696264
6965809795
6965833202
6965946952
6967159358
6967362514
6967614920
6968470327
6969006920
6969245108
6969667295
6969891014
6969993670
6970085639
6970188702
6970268389
6970392358
6970503108
6970616514
6970675045
6970755639
6970855202
6970943858
6971034389
6971236639
6971320858
6971438952
6971510077
6971668577
6971819139
6971943952
6972305889
6972717327
6973021358
6974960795
6978017389
6978180389
6978306983
6978333702
6978409670
6978593108
6978628483
6978741483
6978756358
6978902827
6978948983
6979024514
6979034702
6979053858
6979156420
6979202639
6979207358
6979297514
6979537295
6979629045
6979769639
6979997077
6980565827
6980753889
6980984139
6981164108
6981297389
6981442202
6981529420
6981576795
6981667264
6981814983
6981911764
6981955577
6982075858
6982288233
6982441920
6982470920
6982576358
6982700264
6982791045
6982814139
6982837764
6982909170
6983096795
6983238608
6983535045
6983673858
6984246327
6984474608
6984647327
6985030514
6985110639
6985356202
6985639264
6988623077
6991546827
7008878514
7011388983
7020893077
7021346327
7022703858
7023196639
7023264202
7024148327
7024799170
7026003858
7026089202
7026115983
7026134483
7026151202
7026173483
7026300920
7026334077
7026367483
7026394452
7026409452
7026496108
7026644952
7026756045
7026778577
7026953483
7028520139
7033477639
7033810889
7036534889
7036824827
7037564670
7040128733
7043803358
7044043264
7044162670
7044261577
7044386077
7044566889
7044914858
7045024795
7045360420
7045536327
7045944233
7046619389
7048260452
7065016889
7069439670
7072600639
7073157858
7076044702
7076332483
7077388452
7077450045
7077614827
7077716295
7077912889
7078371295
7078785389
7083816139
7084332452
7084508952
7085278764
7085553108
7088188920
7088782795
7090765233
7090906702
7091130514
7091236920
7091375639
7091664577
7091839889
7091899858
7092703983
7092808108
7093367952
7093646827
7093745733
7093814889
7093845295
7094110233
7094226577
7094387577
7094786670
7094909108
7095070670
7095169858
7097184139
7102099889
7102362108
7102613670
7103042608
7103151795
7103317795
7103797983
7104096170
7104974858
7107088889
7107216483
7107304452
7108848452
7109323264
7109447889
7109759420
7109898264
7110008639
7110184264
7110336483
7110521389
7110670952
7110774514
7110892889
7111026858
7111146108
7111315327
7111340139
7111412514
7111493670
7111587264
7111698233
7111748077
7111776108
7111812702
7111883702
7111949795
7111985514
7112026045
7112057514
7112087202
7112119483
7112143889
7112171577
7112211014
7112226639
7112260889
7112270077
7112319014
7112373639
7112396889
7112465795
7112525764
7112558295
7112581483
7112604358
7112625827
7112643952
7112671764
7112700264
7112737983
7112758295
7112800295
7112848452
7112871452
7112881952
7112920983
7112937327
7112975670
7113018858
7113047045
7113114389
7113210670
7113271452
7113433452
7113692014
7113816014
7114204264
7114933295
7115158952
7115410764
7117803420
7120505608
7135141233
7135218795
7143690233
7144693452
7144782889
7144937233
7145096108
7145254420
7145536858
7145634295
7145769920
7145895545
7146201264
7146730858
7147114202
7147258608
7147716233
7147843952
7147999108
7148135702
7148388420
7148732389
7150880327
7150910827
7150999702
7151806327
7152878514
7153166233
7154254827
7155098077
7162291483
7162651983
7162833327
7163948327
7164393452
7174086139
7178666295
7185679670
7188614139
7189080295
7189598702
7195917233
7196027202
7196120858
7196380827
7196450358
7196496483
7196530077
7196601827
7196683983
7196786639
7197159014
7197283952
7197543514
7197639327
7197752014
7197821233
7197914733
7198135639
7198346389
7199177452
7199308295
7200622420
7201059920
7201228920
7202056233
7202217139
7202427858
7202588608
7202751108
7203554389
7204180483
7204834014
7204979045
7205104139
7205221420
7205323827
7205494389
7205561014
7205642577
7205764670
7205939483
7205954545
7206063702
7206187452
7206342014
7206611452
7206755014
7206965858
7207096827
7207158639
7207225014
7207257170
7207348545
7207419170
7207518577
7207571014
7207611483
7207659202
7207743952
7207873389
7207981327
7208049639
7208175952
7208537389
7208640920
7208754545
7208863389
7209090795
7212189764
7212352889
7212657295
7212864452
7212990577
7214581264
7214814045
7214946170
7215148702
7215312327
7215435889
7215515889
7215625889
7215832233
7215833202
7216397577
7216574608
7216803014
7217529233
7217667514
7217812389
7217922014
7218052577
7218305295
7220316014
7222033983
7222646545
7223151389
7223297920
7223695545
7223965514
7224135952
7224462514
7224510670
7224745827
7225014139
7225338358
7228964858
7229267327
7230034077
7231004889
7231449764
7233009764
7234764264
7234844264
7234922264
7234977889
7235021389
7235082952
7235139733
7235159920
7235192014
7235236670
7235252858
7235294358
7235318608
7235372733
7235387545
7235434920
7235495858
7235556795
7235621827
7235703920
7235727608
7235762920
7235867670
7235932202
7236022577
7236119858
7236212983
7236310952
7236467858
7236506764
7236657014
7236760889
7236802045
7236840952
7236891827
7236911952
7236949702
7236967952
7236991264
7237014764
7237040202
7237077858
7237092733
7237155827
7237211545
7237277952
7237301920
7237341608
7237361545
7237397702
7237425639
7237445920
7237477420
7237494514
7237556608
7237627108
7237653420
7237679514
7237725045
7237745514
7237782295
7237809952
7237837670
7237893608
7237921420
7237983983
7238000420
7238067014
7238163733
7238212327
7238280077
7238312983
7238361920
7238471889
7238571639
7238626577
7238669827
7238695920
7238718295
7238734858
7238759170
7238778014
7238866670
7238908514
7239008827
7239091295
7239185545
7239231733
7239268108
7239301108
7239314983
7239362389
7239391983
7239434233
7239449139
7239496483
7239513702
7239593858
7239629452
7239673264
7239692358
7239735327
7239752233
7239807983
7239844327
7239906264
7239997639
7240071139
7240097702
7240114233
7240161420
7240224202
7240337920
7240381420
7240395452
7240463920
7240505389
7240544920
7240636577
7240705608
7240803952
7240905858
7241030608
7241108108
7241234077
7241318170
7241439608
7241505858
7241601545
7241630108
7241713733
7241782733
7242129077
7242264952
7242337233
7242478858
7242618639
7245623983
7247670358
7247824670
7249505827
7250831858
7251224420
7252252952
7252672608
7252900452
7253110295
7253451733
7253674077
7255466139
7257595577
7258027952
7258129327
7258690702
7259120889
7259153858
7259338952
7259431358
7259576577
7259855639
7260127170
7260228952
7260316639
7260349952
7260502108
7260544389
7260569920
7260653514
7260801108
7260855170
7260954077
7261041483
7261123108
7261169858
7261238858
7261337639
7261428920
7261458483
7261573108
7269862952
7270864577
7271053077
7271151608
7271235639
7271319920
7271436014
7271550014
7271740858
7271866920
7272037795
7272161170
7272245452
7272314608
7272354452
7272461389
7272549264
7273349264
7275177670
7275311670
7275533702
7275872295
7276405920
7276708139
7277592233
7278334795
7278425452
7278553639
7278929420
7280375202
7280508389
7280658045
7280773452
7280824577
7280905608
7281003014
7281319420
7281952420
7282218170
7282493858
7283267920
7283498202
7284159545
7284380670
7288605858
7300513733
7300568327
7301187170
7318608389
7320046764
7320626545
7321562483
7321651764
7321674827
7321826233
7322034202
7322705827
7322917233
7323478858
7323805764
7328884108
7328969483
7330705920
7330874233
7331110108
7331211045
7332211295
7332401452
7332510889
7332631108
7332738139
7337720045
7338059702
7338247670
7338324202
7338416420
7338448014
7338519389
7338561202
7338647952
7338708514
7338848389
7339049139
7339158077
7339207639
7339626170
7339875983
7340278577
7341508733
7344016920
7344362045
7344736045
7345235202
7345525827
7347713514
7348060202
7348074577
7348294170
7348464514
7348559983
7350083577
7350231264
7350398702
7350486170
7351055483
7351981795
7352094358
7352247639
7352370514
7352676577
7352903233
7353011420
7353157045
7353243420
7353478170
7353606014
7353669983
7353802483
7353877295
7353913452
7353938139
7354159764
7354217045
7354414483
7354496045
7354649045
7354784139
7355183889
7355280327
7355482295
7355744920
7364489139
7366472702
7378997920
7380293233
7383059452
7384018983
7386915858
7388790733
7388964452
7389060014
7389467295
7389745983
7389915077
7390023139
7390187827
7390380452
7390523420
7390631014
7391017389
7391031889
7391181795
7391311514
7391348295
7391508014
7392325514
7406478827
7406816514
7406993858
7407068045
7407312139
7407476889
7409788795
7410387514
7413246545
7416940639
7424919608
7425591452
7426606327
7430063202
7430182952
7430348264
7430482983
7430701014
7430818889
7431205233
7431367545
7433541733
7434137920
7434228795
7434297577
7434410077
7434485077
7434495202
7434566670
7434680639
7434838983
7434976358
7435107983
7435171858
7435288014
7435816077
7435986295
7436558233
7436773702
7437268952
7437454733
7437579952
7437824358
7437925545
7438043045
7441030170
7441231827
7441309827
7441396202
7441544608
7441686327
7448260608
7454478545
7454622295
7456250858
7456827264
7457143764
7457412608
7457762170
7457919764
7458161577
7458415202
7459837077
7460496514
7461190952
7461507077
7462022108
7462164577
7462266327
7462335889
7462768920
7462879045
7463091795
7463254139
7463562108
7464482358
7464675577
7465129483
7466169420
7466652389
7466864045
7467047264
7467207608
7468159733
7468502264
7468714889
7468789795
7468980170
7469211733
7469372045
7469401170
7469609858
7469852295
7470391608
7475248452
7487361327
7489442577
7492647202
7492757733
7492768702
7492811764
7492858639
7492882545
7492938420
7492972827
7493026014
7493112014
7493139795
7493221670
7493268952
7493332733
7493394733
7493590764
7493673514
7493779639
7493865483
7494006795
7494207295
7494520327
7494604545
7494677670
7494811952
7495009920
7495188108
7495573514
7495974952
7496098202
7502081420
7502377327
7502575733
7502984608
7507106170
7507446483
7507722139
7507897639
7508076545
7519587983
7524796358
7525180108
7525370733
7525674795
7525934577
7526214358
7526328514
7526688483
7527203577
7527911514
7527983983
7530467733
7532582420
7538627702
7539152202
7540634545
7540827920
7541049264
7541150045
7541876483
7544080045
7544307420
7544426045
7547917264
7548043983
7548280733
7548445202
7548613920
7548883889
7549000077
7549189983
7549443889
7549532233
7549648577
7549903420
7550318358
7550504139
7573230858
7573525170
7574713108
7575101889
7575225702
7575312514
7576827889
7576884077
7576938952
7577009764
7577037420
7577119327
7577166045
7577254764
7577301233
7577382795
7577681420
7577786327
7577889764
7578142702
7578453608
7579191827
7583108733
7583459358
7583707702
7583825983
7583999639
7584620577
7588558045
7589048764
7589308827
7589733608
7589766327
7590215702
7590428952
7590522170
7599028545
7614328358
7614387389
7614474764
7614546952
7614754764
7614863295
7614961608
7615124608
7615231202
7615346264
7615363983
7615446827
7615592014
7615890827
7615995858
7616135077
7616374920
7616455045
7616609452
7618010202
7618365983
7618749764
7619130889
7620189952
7620424858
7620618670
7620815295
7620972795
7621218670
7621393295
7621598983
7621968795
7622245545
7622366733
7622503233
7624912295
7625559920
7626094545
7626164858
7627742514
7627907389
7628155952
7628243170
7628518639
7628709764
7628928077
7635170795
7662219514
7662270764
7662342952
7662409483
7662545827
7662837295
7663101514
7663604108
7664561483
7664750795
7670573827
7696618858
7696958670
7698234795
7699170264
7706452733
7716038514
7734493233
7770612014
7776395233
7784479202
7795903889
7800270577
7800474264
7803947952
7804115889
7804368983
7804663358
7804922545
7805129108
7805827170
7811568327
7830822795
7831252577
7835528983
7835675670
7841879858
7841995358
7842441764
7842647327
7854316733
7854405420
7859669514
7859840608
7862949795
7863190733
7865005827
7865083139
7865491795
7886805920
7890187858
7918181639
7918197014
7918534014
7925434702
7925883358
7926149077
7929885608
7935804077
7935952327
7936142952
7936303858
7936538327
7937126108
7956312577
7956405358
7957140764
7957243077
7957346295
7957739608
7959173670
7963216514
7963286295
7964238202
7966934264
7967638077
7978780202
7992701108
7992803733
7993015733
7993172952
7994974233
7995089733
7997982670
8001563358
8010605108
8025112608
8025245733
8025316920
8028111202
8039065108
8039608420
8039820077
8049900452
8049978170
8050008920
8050109264
8050351264
8050578795
8050684264
8050800577
8051318545
8052218858
8052366795
8055260858
8055667045
8055763858
8055888108
8056126420
8073902702
8074039233
8078574795
8080918545
8082482577
8082770608
8083350639
8083645577
8092644952
8097090983
8097698702
8097955358
8098217514
8098315358
8098419639
8098643264
8101874233
8102128108
8102333952
8102465077
8103346452
8103746764
8104803045
8104892733
8105216514
8105742670
8105896452
8106023358
8106370389
8106610170
8108585452
8109548577
8109869420
8110183545
8110466514
8114360983
8114432920
8114538764
8114739045
8114824295
8115030608
8115130202
8115541358
8117643452
8122071108
8123202014
8123440483
8124310764
8124617014
8124900139
8131245452
8131476952
8136427202
8136973764
8137144045
8137831514
8142015264
8145026452
8146893545
8157082108
8158609202
8161918452
8162256077
8164808952
8165696202
8166248264
8178419577
8190101108
8192537795
8197266670
8206479264
8206622139
8206807077
8206919108
8208518295
8208926827
8212150108
8214642202
8220908545
8225615452
8230506702
8235695889
8235885264
8236112920
8236138889
8236279639
8237068389
8237312920
8238531170
8238642264
8241924608
8242109920
8242453170
8242591670
8242664545
8242760170
8242890733
8242973764
8243092983
8243286170
8243319608
8243381920
8243422452
8243466514
8243499983
8243538108
8243586733
8243598077
8243632764
8243745920
8243800670
8243912608
8243979608
8244023858
8244132108
8244214202
8244391139
8244473170
8244562295
8244574545
8244754545
8244843639
8244896639
8245050983
8245366014
8245949108
8247378139
8247828202
8248009045
8248180702
8249112045
8249324764
8249524139
8249793483
8249984514
8252204764
8252385577
8252909295
8254893483
8255030045
8255316577
8255388108
8255464733
8255569952
8255622108
8255728920
8255820952
8255833389
8255900670
8256036233
8256122014
8256202108
8256299452
8256434014
8256576139
8256799139
8256992077
8257674983
8257870389
8258098514
8258397483
8258770358
8259018358
8259274827
8259492170
8259828233
8260040452
8260160858
8260754327
8260811139
8260904827
8261058327
8261081358
8261117389
8261169452
8261456764
8261562889
8261649452
8261847202
8262031952
8262144608
8262305389
8262548639
8263625108
8263859858
8264301108
8264877858
8265101264
8267726670
8267972795
8268095420
8268220670
8268404483
8268542577
8268900202
8268989545
8269067764
8269230295
8269320295
8270234170
8270414577
8270596983
8270774264
8270969452
8271077702
8271184045
8271371764
8271907327
8272154264
8272864045
8273069514
8273764670
8273991733
8274961483
8275514733
8275743420
8276495420
8277199202
8278209608
8278406170
8279046702
8279399483
8279626920
8280259108
8280901545
8281075327
8281154170
8281422327
8283366827
8283561733
8283833889
8284751077
8289768170
8295780764
8297322420
8297505952
8297656233
8298206420
8298443108
8301294014
8301791639
8302012327
8302663545
8302855327
8314477952
8316910108
8317289233
8317612920
8318640170
8318781358
8326359139
8333381545
8333586358
8333895077
8334003389
8334150733
8334284327
8334437077
8334580139
8334828920
8335085920
8344077327
8344274139
8344514170
8349595608
8360177483
8360429483
8365915170
8366072514
8366104639
8366168795
8366218608
8366234014
8366293733
8366309358
8366337514
8366354264
8366428608
8366443170
8366499858
8366556295
8366627545
8366669233
8366733608
8366787952
8366815045
8366844920
8366871170
8366938827
8366953327
8367002327
8367063295
8367081920
8367147327
8367240608
8367313827
8367379514
8367404420
8367483858
8367547202
8367573795
8367677827
8367798389
8367897108
8368038295
8368152702
8368289452
8368655233
8368770795
8369286639
8369358983
8369682702
8370362827
8370688920
8374144639
8374397920
8374577045
8374749764
8374847764
8375056295
8375285827
8375375889
8375535327
8375865452
8376132233
8376299045
8376411983
8376560389
8376677952
8376797452
8377562702
8378517264
8378868045
8379108170
8379255952
8379380952
8379924983
8380217264
8381748389
8382061327
8382324858
8383576983
8383719827
8383871889
8384207795
8385158202
8387108389
8387288827
8387487295
8387552514
8387670108
8387748139
8387848233
8387956795
8388023702
8388333420
8389227077
8389294108
8389511483
8389918639
8393162733
8397238483
8398204077
8398535702
8398547170
8398578608
8398701420
8398821139
8398986889
8399164233
8408764264
8416538327
8418305577
8418351733
8422960108
8423238639
8424200889
8427200139
8427857077
8428122545
8428495608
8428668420
8433670108
8435353358
8435510608
8436800952
8436898389
8436946514
8437148170
8437279264
8437437170
8437573639
8438320952
8439788139
8439879983
8441962452
8442029733
8442304670
8444758264
8447671108
8448173077
8448388889
8448959514
8470952045
8471086233
8472097608
8472275327
8472781483
8474266045
8492017577
8495347264
8499585764
8499762327
8500112202
8500309733
8500483420
8501061827
8501338108
8502538545
8503283733
8503516702
8504094608
8509867327
8510941514
8511085420
8514036670
8514151452
8514289139
8514563327
8514734202
8514957389
8515464295
8516183045
8519289545
8524657858
8524772170
8524974577
8525199889
8525437170
8525561483
8525798545
8525999577
8530079014
8530208639
8530333858
8530635014
8530964827
8531053327
8531150014
8531280045
8531454827
8532437920
8532552764
8532617295
8532694264
8532795233
8532924077
8533060108
8533339202
8533557639
8533579483
8533677670
8533719014
8533766639
8533920983
8535520920
8535832858
8536056358
8536222014
8536344827
8536423327
8536645233
8537142920
8537189639
8538658452
8544012670
8548321795
8549493452
8549887420
8550202108
8550407952
8550746264
8551406952
8551596858
8552120827
8552209608
8552316077
8556818108
8556887389
8556949514
8556980202
8557052545
8557164983
8557323264
8557498545
8557717389
8558161045
8558820545
8561339420
8561430077
8561566702
8561690545
8562082952
8562664795
8562839952
8563592733
8564184420
8564370795
8564611545
8564820702
8564900795
8565096108
8565271170
8565480389
8567369920
8567574670
8567722295
8567833295
8567947639
8568145295
8568307389
8568602858
8571471858
8571853858
8572239983
8573130889
8573980514
8574345920
8574870452
8575822795
8576013014
8576204764
8576378545
8576925545
8577093045
8577273983
8577767920
8577900108
8579722358
8579811358
8582164045
8582388108
8582524077
8582746483
8582953295
8583036827
8583134983
8583281139
8583382295
8583707733
8583904014
8584133077
8584304045
8584555764
8584734764
8585137608
8585398045
8587240514
8587521889
8595155514
8595258983
8595416795
8595570733
8595713264
8596964920
8597217920
8597594170
8597859545
8598118577
8598351577
8601934608
8602112358
8602390858
8602637827
8604129420
8606873764
8607134295
8607252514
8607414795
8607586670
8607687264
8607701170
8608347889
8608449920
8608545295
8608571045
8608652327
8608681702
8608722420
8608759670
8608815483
8608851420
8608964452
8609091702
8609320795
8609470264
8609837389
8610289389
8611765045
8611980608
8613033045
8614492483
8619187733
8619445139
8619560670
8619639389
8619800358
8619823358
8619938577
8620076389
8620201327
8620353264
8620915045
8621077108
8621285702
8621720702
8621982764
8624612483
8624894420
8625189858
8632064483
8634574420
8636408670
8636578389
8637276014
8637514420
8637688358
8637855889
8637997077
8638180920
8638315108
8638548827
8639967764
8640151545
8640227889
8640334795
8640801014
8644714795
8644958733
8645104170
8645294795
8645478108
8645672327
8645819264
8646855233
8650171983
8650348858
8650679202
8651123139
8651743358
8653689889
8653871764
8654033452
8654170014
8654650139
8654680483
8654772670
8654904108
8655442577
8656166608
8656344858
8656516577
8656646045
8656757889
8657095202
8659244858
8659732139
8660109764
8661050608
8661794327
8662645233
8662769889
8662941420
8663720639
8664075639
8664264702
