4088983077
4125475139
4168293389
4177160764
4187907420
4190006264
4192320608
4192336045
4221049889
4221261983
4222703420
4227110014
4229273639
4231900233
4233633358
4237904670
4238089452
4239708577
4242719483
4250107670
4355240233
4358684452
4359065045
4359911670
4360930639
4379643452
4380187170
4384893577
4385466639
4392136077
4395009733
4423557733
4442698170
4442813014
4468710577
4470361420
4470437483
4470724983
4470937295
4471978452
4473946545
4474008327
4474093327
4474203827
4477147358
4479843295
4480286014
4480841420
4480984670
4482344702
4482416639
4482447264
4482635358
4482822108
4482907295
4483031327
4483075952
4496336327
4498462639
4500332795
4501010670
4501257483
4501331202
4501856045
4506224452
4518096108
4518206577
4518894045
4519363264
4520069764
4520415608
4522268545
4522550139
4522564358
4522932827
4523512483
4523524108
4523536233
4523568858
4523601483
4532491420
4543009545
4543037389
4543076139
4543214108
4543233608
4543366264
4543422577
4543617889
4544042608
4551272952
4551741389
4552736795
4552961358
4553917077
4553985139
4554262670
4554476889
4554541358
4555567045
4555806764
4555985264
4556867733
4556990170
4584569795
4584719577
4585753889
4586004295
4586215014
4586474514
4586639014
4589415920
4589466233
4592344295
4592594358
4592944952
4593056077
4593525983
4594039233
4594914264
4595098952
4598034389
4598113889
4598553452
4598768202
4598939983
4599186764
4599255483
4600178452
4600336327
4600488545
4600500420
4600535920
4600547077
4600557577
4600624545
4601023483
4601215014
4601331452
4601417233
4612788077
4613184295
4613801170
4614291295
4614455889
4614542452
4615151545
4615434889
4615540889
4615925952
4616116764
4616218577
4616800358
4616994045
4617210170
4617364889
4617786014
4618808608
4619419608
4619559483
4619658889
4619863420
4620149827
4620221014
4620245514
4620253983
4620296858
4620378670
4620505952
4620648670
4620816327
4621036358
4621093983
4621182202
4621224545
4621270264
4621326233
4621481170
4621626733
4622193327
4622544795
4623366233
4623550202
4623703702
4624169639
4624338014
4624488514
4626395108
4626615670
4627855514
4628114295
4628234858
4628912827
4629563827
4629590889
4633639264
4633875983
4634694702
4634793952
4635592858
4635604608
4635716545
4635797858
4635838420
4635894577
4635918514
4636139639
4638678827
4638686233
4639187202
4640436702
4640498702
4640779670
4640824295
4641756420
4641835733
4642384827
4644147389
4644989264
4645604514
4646270639
4652304514
4652399795
4652456764
4652749295
4652970952
4653641483
4653781920
4654210608
4654314295
4654555827
4655232045
4655922295
4656215327
4656308733
4656480545
4656715327
4656808733
4656899108
4656986108
4659499014
4659902389
4672532483
4672808420
4685869045
4686026045
4686185014
4687008514
4687041014
4687468577
4688738077
4689306014
4691678014
4693153858
4693438608
4693545420
4695854764
4697431920
4697698483
4700318202
4702120920
4703648983
4703737483
4708688139
4715106139
4730089608
4730541358
4739857733
4741086452
4742674827
4742872983
4743063514
4743671795
4743971233
4752204983
4768477514
4768666889
4769218639
4777285983
4781140452
4787697233
4799387764
4806818670
4807107764
4807357545
4814187327
4814668920
4821589420
4821939702
4827513327
4829359327
4839611170
4867433952
4875261795
4876548420
4877707983
4880057483
4882274702
4882289233
4898418983
4898465670
4900977327
4905652889
4905704764
4906129670
4906267858
4906507452
4906573983
4907010983
4907389702
4907437389
4907496014
4913092483
4913350389
4913802014
4918180420
4924556670
4926289327
4926569983
4926702077
4926986639
4927244702
4927362764
4927939483
4928155233
4928346889
4928377577
4928436233
4928475795
4928521139
4928533077
4928591389
4928776202
4928801889
4928950202
4929014045
4929490139
4929607233
4930039358
4930474139
4931040108
4937414639
4937726045
4937999639
4938424358
4938604014
4939155702
4939301483
4939872952
4940122389
4940803264
4940952233
4942002514
4942652545
4943666702
4943772889
4944570295
4947249045
4947868264
4948035577
4948296483
4953621452
4953699514
4954643202
4955785077
4956036608
4956740077
4956836670
4957008045
4957442389
4957498264
4957725295
4957804920
4957847077
4957925170
4958534014
4958942608
4959111264
4959783514
4960580108
4960721639
4961549233
4961929889
4962746452
4963270545
4965393233
4966358577
4966554014
4967483358
4968305858
4968893920
4968946827
4969808483
4970748952
4974401295
4975188608
4979350920
4980033358
4981170858
4985003327
4985459358
4985605639
4985680170
4986071139
4986111764
4986385514
4986533483
4986693858
4987146233
4987959170
4988459077
5089850420
5090079045
5090267983
5098891045
5102275108
5102324264
5103649045
5112120108
5141008983
5141099858
5143113264
5143655733
5144912577
5144934952
5151909202
5152246577
5152379358
5152514420
5153034170
5153051639
5153300295
5153307389
5154820670
5157410108
5159012327
5159609077
5159683545
5160282733
5161987577
5166760483
5166889983
5166941889
5167194670
5167429233
5167558452
5167620545
5168116202
5169080264
5169190045
5169255295
5169339608
5169503702
5169598233
5170323389
5170401545
5171240514
5171361889
5171637483
5171814077
5172172420
5172590170
5173705608
5178336952
5179495327
5182735514
5195016327
5195410670
5207947327
5220155420
5224424983
5225284952
5226053983
5226146420
5226593827
5227521014
5227871045
5229519639
5229540514
5229661077
5229707702
5229758608
5230403358
5234782483
5234885764
5291281108
5291764452
5293897202
5294406389
5295115014
5295215545
5310837327
5311671452
5312430702
5320817358
5321128014
5321670670
5321738139
5321899827
5321999733
5325528795
5325756577
5325865733
5327876639
5329077233
5329161920
5329806639
5330436202
5330966139
5331392733
5331901264
5332065670
5332143045
5332248639
5332332139
5332513514
5332718389
5344001733
5344190045
5344699264
5345132545
5346209733
5347890358
5348604608
5349495014
5352766827
5352883202
5353891733
5354520889
5355000233
5355124483
5355197233
5355668514
5356094577
5357223170
5357673983
5358272889
5358425233
5358577795
5358686420
5358790764
5360075327
5360253920
5360381889
5371337420
5405245264
5410713014
5410738827
5412100483
5414893014
5416903358
5417588952
5419087733
5419189233
5419200108
5419211514
5419217983
5420245764
5420479452
5420545233
5420571983
5420690514
5420937795
5425911264
5428633608
5438300264
5438405358
5438802389
5455805639
5457178920
5458673077
5470295264
5478286577
5481351545
5484061014
5484378483
5486776889
5486923108
5486990577
5487120889
5487196670
5487330420
5487464202
5487474889
5487539795
5487629327
5487678170
5487702639
5487876327
5488228702
5488563014
5488718670
5488997764
5489283233
5489394108
5489487858
5489660795
5490104827
5490199327
5490370920
5490638608
5491320139
5492010920
5492063327
5495439827
5496059358
5496202483
5498452545
5498590420
5498602264
5499332795
5499565639
5500084764
5500125202
5500256639
5500901233
5501069858
5501380702
5501564983
5501933045
5502036577
5502353389
5502925577
5503008608
5503059452
5503085233
5503872233
5503972920
5504190577
5504319952
5504876858
5505205327
5506635920
5506843264
5506969889
5507004389
5507093077
5507152733
5507248452
5507295952
5507689264
5508006545
5508049827
5508130733
5508189795
5508206014
5508523733
5508617733
5508665795
5508674483
5508685764
5510505608
5511692795
5511708077
5513888327
5513991952
5514082358
5514267702
5514294702
5516247858
5516440202
5516556545
5518431889
5519101733
5519606983
5520836202
5521161545
5521217577
5521385014
5521743077
5523063514
5543655483
5543993139
5544650420
5550490264
5550576702
5551658952
5573749295
5573901702
5573923795
5574785639
5575136889
5599751014
5602046452
5603124639
5607349420
5608285858
5608378264
5612261983
5612953202
5613064170
5613095295
5613126827
5613849639
5615132358
5615205295
5615678795
5615722108
5626444795
5636525108
5641347233
5641487952
5641540014
5641555358
5641656983
5641714920
5641716952
5641730514
5641800889
5641829889
5641851233
5641898889
5641981202
5642039077
5642064108
5642107045
5642149514
5642208545
5642271952
5642294795
5642315389
5642323264
5642353389
5642484295
5642700233
5642773983
5642892233
5642978733
5643216827
5643276358
5643342858
5643471733
5643529702
5643669233
5643817295
5644191983
5644409295
5644749077
5644867077
5645134170
5645390795
5645523202
5645624952
5645695639
5646390827
5646522014
5646609452
5646744389
5646999983
5647383639
5647457889
5647643014
5647795077
5648234670
5648690514
5648863295
5649165483
5649779764
5649963108
5650188702
5650474483
5650532983
5650590045
5650697920
5650957920
5651027920
5651097295
5651329577
5652138952
5654409233
5654821983
5654981858
5654987483
5654998608
5655842514
5655979702
5656141702
5656219264
5656274139
5656321264
5656458358
5656579764
5657929858
5661607233
5663110889
5663248452
5663369514
5663961358
5666099858
5666298920
5666370170
5666395170
5666522045
5670049327
5675197264
5679187952
5686849233
5687164545
5691008389
5697586608
5708914920
5721400233
5721602045
5721954733
5723491420
5723582170
5726715670
5728342795
5730053202
5730212389
5746677045
5787775358
5795087389
5795493733
5799153858
5799447545
5810206733
5810384233
5810702702
5812582045
5823645920
5823997952
5824011733
5824928920
5842658733
5866571702
5890351889
5890539389
5890588389
5891463327
5891837545
5891975358
5892167264
5892300483
5892419858
5892533545
5892748795
5892887358
5893043452
5894717795
5897151077
5897215764
5897402702
5897506389
5897568202
5902426983
5903835264
5903967545
5904016858
5904177295
5904369264
5904438702
5904621952
5905230858
5905573858
5909721233
5910964952
5911129827
5911806827
5911874295
5911917733
5911998202
5912189639
5912372608
5912385952
5912709358
5914508389
5933147202
5936472295
5937107858
5937394170
5937967514
5939166952
5940613233
5940657608
5941026202
5941695639
5941800733
5942156420
5942513483
5942710452
5943056389
5943503670
5943663827
5944021483
5944039327
5945338827
5945466202
5945584608
5946291952
5946558452
5946889952
5946976733
5947038952
5947266889
5947509795
5947754264
5949357327
5949750327
5951092014
5951623514
5951803733
5952022483
5954244170
5954933264
5960272389
5962253045
5962269983
5962360764
5962443577
5962507702
5962901577
5963557264
5964138295
5964226764
5964329639
5964438358
5965204233
5965404952
5966469608
5966852264
5967059577
5967201358
5967270608
5967395952
5969994639
5970146170
5970327795
5970495889
5975943795
5976026139
5976621389
5977720264
5977895670
5978675295
5978902577
5979570545
5982384702
5982804014
5983637795
5987997514
5988858483
5989016733
5989043389
5989332327
6000169045
6003718077
6007812545
6015078327
6016735358
6030642827
6030662639
6059514327
6059753295
6060319920
6061090170
6061482045
6061810733
6062013733
6062980608
6063542545
6063830733
6064258045
6066971202
6067034764
6069429170
6078618545
6080359733
6080525702
6080893670
6081201795
6087863983
6097463202
6097794920
6098029733
6100698108
6100831202
6101012514
6101859170
6101956077
6102318889
6102471608
6102770795
6102944014
6103171202
6103334858
6103431389
6103961889
6104434920
6116338170
6116824952
6130423045
6130498702
6132992514
6133567327
6133839983
6142493514
6142853327
6142873139
6142887983
6147476295
6147993077
6159616420
6163236858
6163936139
6167387764
6170575952
6170832389
6171793514
6171862702
6171912077
6171923327
6172251795
6172313858
6173232889
6173901608
6173986858
6175803358
6182644358
6185916858
6187315077
6196704889
6198521795
6198609920
6198756827
6198793702
6198845483
6198899327
6199004233
6199137358
6199228639
6199853327
6200596358
6200704045
6200861889
6200969983
6201068670
6201162077
6202424420
6204516327
6209089139
6210927952
6210956514
6215926264
6221945670
6222079170
6222097108
6222107483
6222117577
6222125077
6222143608
6222178545
6222202733
6222222545
6222353420
6223016920
6223627045
6223729170
6223864920
6224022795
6224775608
6224926202
6225124795
6229259139
6229408139
6232679389
6239170389
6239299045
6245422670
6262692202
6276468139
6279134764
6279666514
6280278295
6280484077
6311767295
6315028327
6317359327
6317788358
6321895608
6322384420
6322439202
6324696545
6326615045
6326700014
6327778545
6329657889
6335527170
6357107733
6357426670
6358558889
6358913452
6360183545
6365074952
6366185327
6366720295
6369848108
6370166889
6370711795
6370949420
6371262077
6371414389
6371940295
6372541077
6372962858
6376571108
6397518358
6397546952
6397696420
6422669608
6425099827
6425222608
6426756952
6427036483
6427309827
6427613764
6427695483
6430125014
6435653545
6435942014
6436294952
6437379702
6437528733
6437615545
6437767014
6438097202
6438322139
6438466452
6438718952
6438860702
6438964670
6439103952
6439890858
6440013077
6440198983
6440334420
6440578202
6445262295
6445643077
6446118514
6446234889
6446313483
6462364483
6474608202
6479903045
6482411327
6483357514
6485937358
6487232733
6489025170
6489309139
6489497827
6489735764
6490061420
6503037764
6503059827
6503112764
6503152920
6503201764
6503249233
6503280264
6503384389
6503438045
6503497764
6503546139
6503559858
6503620452
6503649389
6503695545
6503723764
6503773827
6503821077
6503884202
6504653952
6505308983
6505411827
6505691702
6505813827
6505888733
6506059827
6506094045
6506210483
6506472608
6506615452
6506781077
6507190233
6508226202
6508736764
6511395670
6511939733
6512271295
6513132608
6513382545
6513522608
6513633045
6609747295
6612029108
6612451045
6612583670
6612769295
6612909108
6619076733
6619221670
6619243233
6619338358
6619417889
6619623170
6619687170
6619735327
6620086795
6620368358
6620764608
6621135827
6621530358
6621827733
6622214577
6622653077
6622813389
6622843045
6623243608
6625342014
6627448889
6627516702
6627961358
6628168483
6628399358
6629077670
6629303170
6629595545
6629737139
6629839608
6630202920
6630270295
6630288733
6630360139
6630537202
6659906764
6660250389
6660553170
6660602670
6660688920
6660710389
6686302014
6751674889
6758837483
6759017733
6768847983
6768901233
6768992170
6769199358
6769259514
6769688170
6770530639
6770689264
6770889202
6771032952
6771341202
6771601014
6773022983
6773539420
6778254420
6778824389
6778957452
6779029608
6780216452
6780335389
6780345045
6794247952
6797402639
6835507670
6841309983
6841503702
6841594233
6841703733
6841882764
6843208139
6844999764
6845226952
6846771358
6847046514
6860041889
6872543920
6872618327
6873300639
6873403577
6873416452
6873522264
6877768920
6877832514
6878011545
6878072108
6878167077
6878323483
6878504514
6878857420
6879833327
6879905764
6880164139
6880351139
6880607233
6880911358
6883389452
6884122577
6884263795
6884915233
6884927514
6886656639
6887905202
6889031452
6889421170
6890669389
6892152014
6893458889
6893862827
6894497858
6894564295
6894724514
6904005045
6904073077
6916943295
6917146233
6922111858
6930575639
6934815733
6935494295
6935781702
6936810545
6938406045
6938644545
6948009983
6948056577
6948105014
6950836608
6950921170
6951030827
6961608077
6963383389
6964945139
6965252858
6965276764
6965323889
6965424264
6971314014
6971355733
6971411483
6971468389
6971580452
6971697733
6971886858
6971938764
6972012139
6972056764
6972230670
6972359545
6972869920
6973785889
6973933514
6974073295
6974138202
6974160483
6974517920
6974641795
6974749295
6974844733
6975107233
6975466827
6975614139
6984261202
6984577358
6985416264
6985885264
6986083170
6987043639
6988634670
6989277514
6993205889
6993423577
6998150889
7008278795
7032894577
7033081295
7033105264
7033194420
7033602327
7049066014
7053012702
7077494327
7078111545
7079267045
7079483952
7079576108
7080208514
7093797045
7098335545
7140621858
7142322389
7142341420
7144508452
7144609952
7144647733
7144743952
7144883264
7144917514
7148300639
7148339889
7148430920
7148513483
7148536858
7148712420
7148863358
7149141264
7150068952
7150213139
7150308858
7150432170
7150553358
7150573108
7150730764
7151025420
7152734264
7152882983
7152941952
7153047889
7153102452
7153132858
7153155920
7153242389
7153446920
7153503295
7153645420
7153859889
7154148952
7154425983
7155129764
7155794264
7155857483
7156105014
7156191764
7156279139
7156523889
7156587483
7156668264
7156823139
7156877514
7157149983
7157248545
7157355514
7159327483
7159473702
7159552795
7159632764
7159810827
7160210702
7160376452
7160481795
7160505483
7160657202
7160779420
7160787889
7160794733
7160824889
7160961920
7161063264
7161088608
7173387858
7174581670
7174816545
7175066577
7175536233
7181553764
7204888764
7205866264
7206164733
7206407514
7206436327
7206519170
7207778327
7208175764
7208287139
7208369639
7208631827
7255263358
7255359670
7271176795
7271388108
7275335295
7275470108
7275734452
7277102670
7277207983
7277441514
7277478608
7277821170
7277941327
7278123733
7278217670
7278325889
7280096108
7280691889
7280790827
7281462545
7281667733
7281855795
7282460483
7282605077
7282942608
7283107545
7283279170
7283461795
7283602420
7283629045
7308685108
7314799108
7330257014
7330365545
7330469577
7335423702
7344612577
7344810983
7345171702
7346045952
7346094889
7346266858
7346451327
7346625014
7346754202
7346950670
7347316920
7348856952
7350633295
7350939795
7351109139
7352691764
7352979202
7353197639
7353436014
7353677795
7354438202
7354525545
7354891452
7354984577
7355118577
7355274952
7356933014
7357130420
7357528202
7363128702
7363210045
7363381108
7363546295
7363749420
7364011952
7365005858
7366206795
7366350889
7378329670
7378801639
7379755858
7379788858
7379809608
7379868452
7379923920
7379984139
7380150764
7382304577
7385335514
7385375858
7386504764
7386632702
7393766577
7394376108
7394830702
7396079670
7404439889
7404571420
7407919389
7408013889
7408074077
7408206202
7408335702
7408376827
7408858952
7408936264
7408979452
7409079670
7409124827
7409206233
7409258108
7409927983
7410034514
7410108858
7410987889
7412653264
7412701233
7414040764
7414237733
7415344452
7415383920
7415482139
7415620545
7416028545
7419739452
7420251233
7420376452
7420499389
7420584639
7421564733
7422208577
7422476170
7422912139
7432823764
7433178139
7433505045
7435301858
7435865608
7436236452
7436325577
7436743077
7437789389
7438386483
7438717764
7439047827
7446860952
7448615670
7448951639
7450221827
7452978545
7456186952
7456535983
7459143452
7459193264
7459259389
7459305452
7459443764
7459561295
7459823389
7459982389
7460874733
7461070170
7461219452
7461290264
7461384389
7461579170
7461685077
7461749233
7462015639
7462232108
7462823702
7463182327
7463299514
7463493139
7463530827
7467292264
7468268764
7468460920
7468568577
7468861920
7468936358
7469295045
7469432139
7469516139
7469620139
7469736827
7469795733
7470300514
7470802733
7492622983
7492811452
7492888795
7494978202
7495057983
7495189327
7497461358
7498152327
7498501139
7498897327
7502952264
7504892983
7505107827
7505116045
7509459514
7519307952
7519414920
7525522889
7525910139
7526037608
7526168170
7526294389
7526329827
7526431858
7526445264
7526514077
7526527983
7526609764
7526765077
7526837670
7526926295
7527282264
7527389545
7527745014
7528328077
7528511327
7528585327
7528712639
7528797639
7528873483
7529000639
7529088139
7529500983
7529623045
7529787733
7529878858
7529993889
7530008483
7530085389
7530171295
7530223608
7530271233
7530350233
7530666608
7531353264
7532770577
7535027233
7535037858
7535153295
7536642295
7536907264
7537693952
7539658920
7542202827
7542245983
7542349983
7542475545
7543055920
7543527889
7543753233
7544945889
7545085608
7545332108
7545778233
7547344983
7547679608
7549607545
7550203233
7550289670
7550559983
7551305858
7551847295
7567166827
7567290295
7567296795
7567306045
7568658639
7570824920
7571886795
7573693733
7575524389
7575751327
7576673264
7576958764
7576988858
7577796014
7577877858
7578027264
7580543858
7580575514
7580711108
7582305858
7584591327
7585748545
7586058952
7586808577
7592214170
7592603452
7593603420
7598115045
7598308733
7598391389
7598412077
7614667139
7614728358
7614781139
7614968889
7617393858
7617487577
7618723514
7618758733
7618791889
7618835702
7618859389
7619010014
7619039295
7619067764
7619106389
7619171889
7619253389
7619417608
7619752327
7620271045
7620603545
7620729202
7620793327
7620984389
7621083077
7621129670
7621187545
7621242983
7621604889
7621733920
7622356077
7622491295
7622809639
7622920545
7623473733
7623974702
7624235827
7624702858
7624918983
7625271670
7625786233
7626189014
7626602952
7626697608
7626842858
7626926295
7627626389
7627781827
7628951702
7629054327
7629104952
7629220795
7629341045
7629451983
7629582295
7629784827
7630312327
7636631202
7641476202
7642588108
7642714827
7647632108
7647653577
7648484077
7670759733
7674493545
7674654795
7680608108
7680972420
7690508608
7691875514
7692023108
7692062952
7692089827
7692111233
7692184170
7692229139
7692386452
7692901577
7694914764
7695407702
7695535139
7695548952
7695554608
7695563733
7695576827
7695588139
7695707202
7695883795
7695977295
7696137139
7696302420
7696611202
7696973358
7699001045
7699117389
7699189045
7699295577
7699911420
7701366358
7701507889
7701558483
7703080014
7703902483
7703987733
7704722920
7705244233
7711120139
7717824702
7720427358
7720678545
7721298295
7721441264
7721521608
7721608202
7722497639
7722549327
7722781733
7724640420
7724733639
7724834170
7729120639
7732325170
7732577420
7734645358
7734828858
7739151420
7739208389
7739263295
7739367327
7739452358
7739607420
7739822170
7739922702
7740027514
7740092920
7740130545
7740159045
7740965889
7741248577
7762496639
7762583639
7762703577
7762842983
7772706764
7773061108
7774545202
7774846952
7774973420
7775034295
7775690514
7776229327
7776485920
7778274045
7786163670
7788453983
7788569983
7788681702
7789507514
7798354858
7805955452
7806106670
7806748545
7810327452
7810473795
7813733670
7823826170
7825413170
7826234670
7826425608
7826861920
7826952952
7827518670
7827522014
7827618420
7827694170
7827764014
7827864795
7827990139
7828076483
7829115139
7829260795
7830292452
7830300514
7830307295
7831879608
7832197483
7832358045
7832410577
7834827483
7835720795
7836127014
7845089202
7860310327
7869981577
7871097514
7871107670
7871308358
7871470420
7871635420
7871981170
7872338608
7873070858
7873227889
7873315858
7873394014
7873540233
7873586577
7873664608
7893694889
7897656639
7899712827
7899799202
7899861483
7899899014
7902620389
7911974483
7914468952
7918115639
7922055389
7922588295
7925549858
7928799639
7928860108
7928916827
7929231295
7929336389
7931722233
7937495514
7938084045
7940429858
7940743639
7941177795
7943858170
7944539608
7944995889
7948652108
7950223045
7950459983
7950612233
7951231483
7953117452
7953190639
7953384389
7955583389
7957384045
7965117264
7966658295
7970977920
7972612827
7977168577
8000385295
8000401577
8000574327
8015766389
8040623483
8044560639
8048037420
8048455514
8049130608
8049514858
8049609420
8053265889
8053487952
8054214389
8054418608
8054720420
8058433327
8067700327
8068452077
8071868983
8072843795
8078844045
8081599577
8082393733
8083362764
8115161389
8123276077
8136015733
8140286264
8148002920
8150502795
8159132389
8159452295
8159607170
8161501233
8163051827
8163334827
8164569139
8164697045
8169071764
8169795858
8173795764
8174359264
8178293577
8182948733
8208907577
8216205733
8221203920
8223202420
8224204952
8230397545
8233828545
8233964889
8233965858
8244100139
8249465702
8253352420
8253469108
8253921702
8254391420
8255438264
8259218295
8260926170
8266392983
8271296827
8274703170
8281793295
8283246452
8289554827
8290645920
8299072889
8308266233
8317213639
8346615014
8348163920
8348416077
8349658920
8349793983
8350065420
8351539795
8352812327
8367415327
8369421295
8369870420
8372235827
8372557483
8372822545
8373143889
8373214077
8373822170
8374050827
8374260389
8374360295
8374604264
8374623733
8374741545
8382709577
8382787545
8382821202
8382880795
8383268983
8383523983
8383544733
8383661920
8383756858
8384509545
8384564389
8384622577
8384689108
8384752327
8384862795
8385151077
8385186670
8387140952
8387592577
8387632389
8389713389
8389881858
8390014202
8390798358
8391165702
8391312827
8391416295
8391856014
8392413639
8393779639
8393859764
8394799014
8395369233
8395783795
8396152577
8397892670
8398088608
8398386014
8398657327
8398792920
8398887170
8398929952
8399866139
8402436389
8403378795
8403736920
8404044014
8404789827
8406927389
8408635639
8408820889
8409176202
8409631952
8410610952
8411206889
8412629202
8417203420
8417695764
8419066920
8420755920
8421599702
8421747202
8423965889
8424166483
8424845045
8428674702
8447043139
8448685202
8450019952
8450075952
8450623702
8452864014
8454052514
8454519045
8455348889
8455419764
8455603983
8457391920
8457460983
8457791670
8458441920
8458641108
8459332014
8461459608
8464236545
8469667608
8470067233
8477083577
8478908295
8479314577
8485833108
8491771764
8497101202
8508871795
8510397483
8515405233
8527201327
8527507702
8528148920
8528219045
8529388764
8529501952
8529588327
8529648702
8530075733
8530386420
8530532639
8530596483
8530762577
8530776670
8531755077
8531835608
8532634733
8532886764
8535485170
8536001702
8536054795
8536192733
8541495608
8541824639
8549854545
8557825045
8562983639
8569513514
8591477108
8594323483
8597142983
8618752795
8620526983
8653205233
8653846358
8659537452
8664487202
