1246440616
1246579040
1247679185
1247835457
1248008534
1248409798
1248562108
1249353855
1255271786
1255299619
1255576283
1257719156
1257751228
1257783331
1257825048
1257857366
1257917454
1258115014
1258124722
1258267201
1259503896
1259556182
1259615717
1259663333
1259739764
1259814414
1259834659
1259917633
1259940028
1260236415
1260348205
1266768070
1266920564
1267077974
1267213111
1267228379
1267247702
1267254706
1267871410
1300630481
1300655026
1300673888
1300717818
1300729860
1300738830
1300797536
1300837380
1300878790
1300895348
1300954607
1301086826
1301138436
1301154164
1301379311
1301902381
1301921673
1302002682
1302087653
1302115455
1302126299
1302144209
1302171396
1302190411
1302220210
1302232713
1302289514
1302336731
1302842935
1303563442
1307171168
1307212978
1324834400
1324919249
1325514080
1326003603
1328898595
1328957515
1329009893
1329025376
1329063837
1329126414
1329233074
1329267173
1329356568
1329431832
1329469434
1329537939
1329582729
1330089425
1330130774
1330269229
1330609975
1330662230
1330823172
1330881140
1330940891
1330958862
1342724499
1342854199
1342957203
1342979875
1342990903
1343064139
1343178019
1348226881
1348251857
1364447379
1364583960
1364600641
1364731508
1364799799
1365548200
1365714303
1368976920
1369069664
1369095377
1369302921
1369366542
1369401133
1370278619
1371598258
1371623971
1371643109
1372080040
1372685623
1372740335
1372990304
1373057396
1373252868
1375085500
1375164543
1375563043
1375680700
1404504754
1404517626
1406131347
1408620497
1411609860
1424732061
1445561235
1445623013
1445974542
1446086977
1446139723
1446189029
1446258149
1446358112
1446910918
1447287883
1447304841
1447369353
1447388123
1447395434
1448142299
1448163219
1448613574
1456599668
1461735284
1463582478
1467412863
1470782048
1475374780
1475755217
1486177898
1487653902
1489198842
1491351515
1493073002
1493134565
1493427419
1493574383
1493831663
1493852000
1493906374
1494083444
1494529622
1494545596
1494886803
1495032477
1495271479
1495344347
1495482925
1500886665
1507639996
1510735712
1511334475
1513139183
1513388875
1526658533
1527829702
1527963642
1527969663
1528161939
1531762446
1535080237
1535211380
1535232547
1535256692
1535265079
1535293311
1535304831
1535318255
1535332202
1535346364
1537308420
1537581398
1540107288
1540129192
1540180279
1540268538
1540376795
1540383215
1540486066
1540718155
1540750043
1540795662
1542146113
1560898676
1563133649
1586499373
1586588061
1587910650
1587928836
1594307383
1595659555
1595728767
1596008472
1596747933
1599014793
1599058938
1599159914
1602817499
1602829603
1604239374
1604344283
1606007064
1606266187
1611982227
1612095645
1618927927
1619432134
1623257819
1623348719
1632042295
1632049760
1632783323
1632810172
1640416782
1640425261
1653977512
1656214665
1656250423
1674908061
1679799453
1682034364
1682107816
1682185261
1683138349
1687961696
1688027560
1688080552
1688221126
1688242354
1688280754
1688339859
1688355434
1690224931
1693752692
1694000849
1694022168
1694157275
1694651467
1695507910
1695519154
1695714564
1695751766
1695798522
1697652719
1698844225
1700399548
1700717408
1700729665
1700765761
1701402280
1701466454
1706506315
1706526683
1706538111
1706550982
1706563209
1706574790
1706584959
1706605142
1706645723
1706679392
1706724765
1706746822
1706834528
1706856462
1707009417
1707143971
1707165106
1707275299
1707458851
1708210784
1708553466
1708939309
1709008582
1710434451
1710487197
1711206445
1712447594
1712502245
1712584667
1712594006
1715876653
1724550107
1725145061
1725751228
1725785204
1725889192
1726164228
1726235007
1726256879
1726279919
1726297952
1726764558
1731138379
1731170881
1731364448
1738072897
1739235434
1741092090
1741220315
1741393668
1741676261
1741784580
1742097617
1742118291
1742578047
1743115432
1743890159
1744134629
1744709615
1744871233
1746717044
1762258477
1766365864
1766892896
1769483452
1769572663
1769622890
1769936203
1818968088
1841501178
1850102655
1863769245
1875560104
1875682523
1875761842
1875863617
1875868379
1877052420
1877266262
1895676573
1898101272
1899596875
1899893139
1901005818
1902367973
1902763739
1902885636
1903717441
1904646107
1904677195
1905292763
1905402187
1907940305
1907998273
1908082784
1908750360
1916956287
1917119041
1918185271
1918235836
1918398406
1918407377
1918505005
1918590191
1918857087
1921605667
1921821935
1921909334
1921961527
1922023182
1922055162
1922342240
1922429853
1922610057
1923283962
1925843890
1925880385
1928332087
1928355588
1928421175
1928440590
1928473460
1928489711
1928501323
1928601563
1928608997
1929050382
1931643150
1936674441
1936798949
1937370495
1937467386
1937499795
1941134954
1943656421
1943671351
1943754694
1943759640
1943793647
1943812141
1943909277
1946470219
1956393885
1956471423
1956595593
1962490239
1962766319
1962791141
1963077759
1963199441
1963263369
1963268714
1963914141
1963947657
1963987286
1964034103
1973808040
1973868005
1974181656
1974332983
1975502555
1975622363
1975774519
1975955828
1975981326
1983148333
1983306602
1983409115
1983461431
1983473811
1983575924
1983649376
1983787985
1984048398
1984058290
1984100100
1984113586
1984164704
1984184703
1984395595
1984522408
1984598347
1984642431
1984812742
1992750667
1994164955
1994523119
2002628253
2017232603
2017245475
2017267531
2019440081
2023355007
2023368923
2024064331
2024074868
2024285393
2024768895
2025239986
2025257220
2027573631
2028273402
2028330787
2028402426
2028427616
2040402548
2042060415
2053948993
2054263075
2054485088
2055547908
2069744203
2074560915
2077577373
2078299570
2078416152
2079445610
2097066756
2107885295
2111392168
2115028678
2117550606
2117574322
2120351994
2144981108
2145777187
2146850574
2153238337
2153253329
2155012325
2158745235
2158761332
2196119095
2196816040
2197642715
2202581815
2202900228
2208845531
2214268625
2214985691
2215001235
2215022770
2221712388
2221729530
2223719141
2224243531
2229181403
2235073222
2236058689
2236725313
2238206048
2243083186
2243896068
2244092154
2244097652
2244654545
2247823405
2247909728
2247917838
2252779462
2252881176
2252886153
2255657558
2255665391
2256438552
2257298712
2257914464
2259074574
2260829884
2264575543
2264600457
2264666351
2266694486
2266756724
2266839853
2267484635
2267497752
2268108251
2283459526
2285391937
2285455220
2287689363
2287703034
2287820998
2289205672
2292480178
2295569043
2295649407
2295658991
2301312116
2301354940
2302326706
2312062243
2312947040
2316892809
2327314999
2333994387
2334141782
2334170720
2334741989
2334756643
2334918629
2334925295
2334946676
2336545038
2336598091
2336612376
2336622115
2339193348
2339201181
2339255279
2339261884
2339274756
2339284125
2339397667
2339451211
2339525861
2340752910
2343727773
2343784083
2351757091
2351779086
2357466587
2357475711
2358614624
2359551400
2359954845
2365710084
2367934335
2368396824
2373008603
2373023563
2373969647
2373976744
2374552068
2377632393
2381423886
2381861093
2387157805
2387198755
2388652302
2388767594
2391750107
2391817507
2391828166
2391843772
2392272040
2392282208
2396045316
2398022885
2398748891
2402757390
2402967791
2404582803
2404744022
2408880623
2409128964
2409141037
2410139406
2410216145
2420584544
2431249453
2431780171
2433323053
2446527676
2456508328
2457891895
2458903935
2458983377
2475182432
2475505483
2489125073
2490843181
2491698426
2492600733
2493104326
2493178853
2493399177
2493415182
2493460955
2493552593
2493571147
2493578827
2494696360
2494710767
2494722656
2494867040
2494903197
2494972963
2495019135
2495140909
2496325810
2496412195
2496519622
2496927430
2496989485
2497109539
2497166186
2497214079
2507637375
2507797487
2516034072
2516052965
2516080367
2523320150
2523330349
2523481030
2523531380
2523574081
2523598534
2523626367
2523702061
2523930740
2549092018
2550532018
2550548484
2551270772
2552620794
2552946794
2552995670
2553125400
2553144723
2553719771
2553923997
2554004852
2559014639
2559883800
2561554323
2571839625
2572199878
2572251979
2572261779
2572283652
2572456022
2573348223
2578805354
2581516210
2581829492
2595483672
2595554298
2595593066
2596015435
2610430335
2611287177
2611311784
2611343640
2611495766
2611694248
2611869198
2611968915
2612025102
2612536651
2639821787
2656017248
2657403334
2657412765
2658097852
2661363050
2661379639
2664691501
2673247389
2683635880
2706220701
2707085254
2707111274
2707941329
2708032045
2708228161
2708447226
2708493121
2708523872
2708540891
2708569030
2708593606
2708618305
2708633419
2708770830
2709795035
2709824065
2710024728
2710334601
2710802436
2717013006
2717037613
2717055092
2717077733
2717090758
2717109651
2724889307
2725010620
2725018116
2725217059
2725231005
2727941124
2734741641
2734808088
2734917759
2735010134
2735022391
2735188525
2735427987
2735590834
2735669477
2736367773
2736443437
2736460640
2755457120
2755786531
2756658763
2756707363
2756715135
2756802871
2756810582
2757013149
2757057048
2757087891
2757116092
2757507526
2757937914
2757945901
2757993855
2758008877
2758063558
2758802743
2758842249
2758873952
2758883229
2759028566
2759685789
2759739642
2759767443
2761690362
2761982755
2762055407
2762139242
2762229651
2762352593
2766018072
2766117974
2766160951
2766183807
2766290190
2766297194
2766310803
2766325733
2766412210
2766531895
2766571524
2766624055
2766634653
2766733111
2767164051
2767261157
2767367018
2767399366
2767509682
2767527807
2767549464
2767665647
2767707949
2767726964
2767747393
2767755626
2767802505
2767835130
2767869659
2767911715
2767918811
2767945722
2767974721
2768054071
2768073332
2768088262
2768193632
2768485533
2768504150
2768525377
2768560675
2768578646
2768596125
2768606970
2768808739
2770264252
2770539380
2770642354
2770659649
2770816997
2770829746
2770841204
2770953824
2770982639
2771069546
2771515232
2771529578
2771980947
2772071694
2773286731
2779916323
2779948517
2780028082
2780143528
2780197503
2780262936
2780653971
2787650758
2796182194
2796297578
2796627726
2796719610
2796757579
2796984109
2797110153
2797827127
2801116594
2810946564
2811055374
2811240431
2811781533
2811809734
2811911418
2814819035
2816076374
2816126509
2816294148
2816603498
2827230560
2827646847
2827688227
2827736334
2827748899
2827766563
2827873622
2836347979
2836489844
2836551315
2836560470
2836651309
2836854890
2836863092
2836888559
2837027199
2837038995
2837062404
2837360511
2837607407
2837716340
2837766906
2837819467
2838177540
2838310619
2838430458
2838645713
2840175384
2840225980
2840330059
2841415336
2841433645
2842074679
2850302755
2850349725
2850618679
2850721284
2850753816
2850770282
2850782539
2850854609
2850901672
2850926309
2850973741
2851126081
2852138735
2852188317
2852217286
2852565590
2852596494
2852700727
2852709882
2853392511
2855503374
2855520547
2857259913
2857291124
2857381042
2857429979
2857653190
2859601176
2859630022
2859644522
2859659636
2859684765
2859710908
2859727405
2859741812
2859750906
2859799996
2859843219
2859856951
2860328995
2860418205
2863046854
2867372753
2867787749
2867933331
2868085641
2868103950
2869052461
2869087420
2869125114
2869145972
2869862639
2869895694
2869968593
2870021400
2870034548
2870048772
2870063425
2870097617
2870109966
2870129227
2870143727
2870174539
2870230573
2870254074
2870265778
2870306973
2870339076
2870347217
2870509265
2870548371
2870563424
2870611716
2870627875
2870692724
2870702094
2870733029
2870748389
2870769709
2870786144
2870837354
2870853759
2870903249
2870932033
2870966347
2871091071
2871105048
2871124771
2871281105
2871465978
2871554943
2871585140
2871659882
2872092358
2872169711
2872194379
2872233056
2872303005
2872346659
2872490643
2872844599
2872909510
2872922106
2872966987
2873013098
2873026123
2873154502
2873450950
2873500072
2873584459
2875162300
2875351965
2875497732
2875750189
2875855712
2876119290
2876242630
2876361087
2876497729
2876527651
2876593668
2877139255
2898581631
2902083741
2902185332
2902225146
2902827933
2903035908
2904325380
2905061554
2905123578
2905719976
2905727348
2917855758
2917990803
2921354336
2921568577
2923158460
2923510081
2923591735
2923665985
2923738761
2926403322
2928218259
2929662222
2929922328
2930587232
2933826595
2934498810
2943807830
2946113704
2946828251
2947456659
2948230987
2948977514
2950844246
2950858008
2956141910
2967400083
2967408654
2967417839
2967429943
2967460724
2967706884
2967723288
2967852282
2968022470
2968132755
2968165288
2968414550
2969980778
2970107375
2971724783
2973415059
2973492965
2973507311
2975553417
2975585673
2975630432
2975787196
2976007213
2976103397
2976611168
2977420609
2977525334
2977788297
2977796407
2977959223
2978068310
2978507851
2978538203
2978723905
2978795514
2978910038
2978950373
2978959927
2978990063
2979062010
2979109533
2979218251
2979254778
2979312378
2979338121
2979374125
2979396888
2979515928
2979546034
2980049043
2980102588
2980208941
2980514697
2980563112
2980644980
2980728600
2980860942
2980884013
2981001148
2981092571
2981183441
2981247277
2981873780
2983240360
2983472019
2983786961
2984203923
2984211787
2986845874
2987415392
2989153345
2989239791
2989262340
2989350414
2998627178
3000859877
3000904882
3003719295
3003779352
3003904352
3003912186
3004378792
3006072324
3006089097
3013997131
3015449604
3015550857
3016017402
3016619206
3016857962
3018173270
3020829413
3022589362
3022944024
3023045923
3023143520
3023159187
3023626469
3023922825
3023940980
3024214327
3024673560
3024852166
3025078696
3026773641
3026816311
3026966470
3027050029
3027209496
3027228420
3027304483
3027467114
3027538784
3027554175
3027624892
3027682185
3028009046
3028056785
3030196709
3031708963
3039287279
3039568490
3041783310
3043044059
3043842134
3043914049
3044973951
3045448882
3046672767
3046952257
3047001839
3047923531
3049282953
3050196197
3050496915
3050617614
3055767822
3056591640
3056702693
3056716548
3056811780
3056847446
3056978989
3057108166
3057592713
3057956100
3059491977
3059923378
3060296073
3062504749
3062521614
3062692079
3064858484
3064895656
3064950583
3064972855
3065036445
3065060284
3065080805
3065092387
3065126271
3065140187
3065153274
3065167067
3066503848
3066836576
3066875007
3066893562
3066912024
3070323511
3072140292
3072588681
3073726335
3073930039
3074215612
3075348719
3075697361
3077168265
3077382015
3079904342
3081415182
3081424521
3081524330
3082228955
3082330177
3086423679
3087051411
3090627066
3090689120
3090822353
3091281463
3091509713
3091519574
3091559971
3091611334
3091630473
3091798419
3091820261
3091891654
3093175566
3093292394
3097216229
3099820026
3102296211
3102699043
3102936570
3102981482
3103768713
3103779526
3103890702
3104446826
3104599474
3104606785
3104706134
3104794515
3104834205
3104850671
3104962953
3105041750
3105055482
3108116791
3111124955
3112951627
3113074999
3117916225
3130328395
3130578364
3130969860
3133225660
3133502417
3139134959
3139281924
3140112378
3140249204
3140258205
3141084942
3141135999
3141538246
3142205731
3142523652
3142957295
3144351676
3144547424
3144715770
3145216966
3146246824
3148109193
3148184211
3148204763
3148675424
3149355165
3149609128
3150050513
3151415986
3151472449
3152502798
3156317393
3156371859
3156382980
3162869600
3166573633
3166582972
3168159738
3168259823
3173473007
3177710708
3177743302
3177753041
3177872634
3177893062
3178344493
3178426976
3178455945
3178705422
3178853032
3181371703
3181639551
3181656600
3181665939
3183356614
3183384723
3183513716
3183644645
3183851483
3184242118
3184662767
3184784603
3184830959
3184844814
3184919402
3184937619
3185048150
3185076627
3185189677
3185225005
3185331787
3185579083
3185629556
3185718706
3191439169
3191484573
3191491700
3191511761
3191561343
3191567456
3191618144
3191695773
3191882059
3192003219
3193149843
3193858062
3193895510
3194009143
3194487607
3194627782
3195190788
3196285649
3196522592
3196730966
3196855136
3196872370
3197374488
3200845326
3201071702
3202673658
3202941229
3203175069
3203191689
3203481163
3206406260
3208450861
3208621234
3208867639
3208965451
3209116747
3209226479
3212732491
3213068138
3213699434
3213848058
3218524717
3218676228
3218926780
3219107229
3238204809
3238875795
3239177220
3240838803
3240870691
3240965431
3241018730
3241190056
3241219793
3241422145
3241456644
3241514182
3242027053
3242170239
3242195921
3242219329
3242255395
3242322241
3242387368
3242702371
3243198959
3243515498
3243551625
3243631558
3243696562
3246401489
3247299803
3247376634
3254824237
3254842392
3255521919
3256090116
3256504099
3256582465
3256591528
3256613339
3256801376
3257136623
3257262545
3260268435
3260333961
3260612499
3261945071
3269009658
3301290971
3301723478
3301816590
3301920362
3302050001
3302164003
3302252968
3302327095
3303109871
3303159853
3303222737
3303813451
3304084156
3305857345
3308187334
3308634986
3310973669
3319384221
3320794669
3320852576
3320940466
3327541272
3330483511
3346339608
3346816168
3358907652
3363710970
3363799075
3363807953
3363873233
3363892340
3364006312
3364129622
3364276678
3364289274
3364305893
3364332097
3364420724
3364444195
3364506310
3364540287
3364548151
3364778182
3364795386
3364876179
3366316794
3366324689
3366358511
3366424529
3366452453
3366464035
3366498748
3366613825
3366633240
3366660489
3366787731
3366806839
3366907877
3367511924
3370524850
3370750673
3372076916
3372381966
3372396742
3372417724
3372439750
3372544075
3372765198
3375749001
3375774376
3375847213
3375912831
3375938236
3376076845
3376180678
3390178339
3390256429
3390671364
3397706920
3398341349
3399097768
3399461923
3399526772
3409144375
3412364937
3417136398
3417184874
3418885687
3419167635
3419199461
3419228246
3419247046
3419253805
3419267260
3419442180
3441892264
3451951681
3498127036
3498311602
3498325948
3498466984
3499095976
3499462035
3499495704
3499502893
3499718086
3499756609
3499770525
3499967195
3500128843
3505869029
3508594692
3511298236
3511394451
3511528728
3511534166
3515586195
3516084781
3518056022
3519438883
3519624646
3519922477
3520345123
3528839479
3528849064
3529135743
3529928472
3538768644
3539497537
3540025338
3541061001
3541083365
3541449947
3543363496
3544415840
3544430217
3544437098
3544560193
3544585261
3544658221
3546168139
3550347964
3550578825
3551410139
3556817750
3556893782
3559601780
3559652591
3563572740
3563827562
3563949705
3565054365
3566322579
3582970884
3607230007
3607443081
3607738300
3607825176
3611732945
3613417937
3613492740
3613510496
3615547263
3617465020
3617666728
3617796673
3617935958
3629502806
3630111615
3640141848
3643266902
3643608385
3644351901
3644801519
3645070688
3645385752
3645470079
3645486207
3645558767
3645597874
3645613480
3647161030
3647905130
3647969827
3647988904
3648020054
3648103274
3651075680
3652255942
3652904872
3653499027
3653773019
3653982038
3656342747
3658712242
3659202226
3659255064
3660809128
3661237364
3661858707
3663818889
3663892771
3663924904
3664004806
3672387834
3673272139
3674481770
3676564494
3678186602
3686745071
3695616577
3695655438
3695749011
3695811680
3696122443
3696196417
3696935940
3699394707
3699444904
3699456547
3699877042
3700038107
3700045787
3700056170
3700076968
3700274282
3703024521
3706326337
3706462734
3706827258
3706990872
3707184101
3707361878
3707396622
3707407804
3707472163
3707628128
3707761914
3707807318
3708082446
3708092246
3708668891
3708730915
3708809711
3709092182
3709161302
3709624559
3714263955
3714486153
3714515214
3714611706
3716763549
3716795467
3716957085
3717036036
3717062086
3717121069
3717155229
3717179099
3717192677
3717360070
3717428453
3717513179
3717534560
3717552961
3721590737
3721713156
3726656403
3733195278
3734321811
3735225870
3735798429
3735910957
3735965669
3738930088
3739742570
3739897675
3745912774
3746087479
3749064308
3754314264
3756801601
3758624803
3758894739
3758998665
3759018049
3759029692
3759597152
3762496813
3764330582
3764402282
3764486056
3764514932
3764523288
3764587309
3764596771
3764687118
3770415384
3770571073
3790921752
3791977507
3803302281
3811450208
3814279336
3814404028
3821513251
3826345322
3828178600
3831641389
3834110939
3836855494
3843295789
3843566155
3847819493
3848186843
3857392705
3857862260
3864099004
3908558708
3908798232
3909277434
3912680288
3923301359
3930134378
3931983661
3934562973
3936177309
3936895942
3937249222
3938013321
3938143604
3941350926
3941356794
3941367023
3941423179
3942299007
3944290523
3944523718
3944671942
3945410758
3948470563
3948488626
3948626436
3948635898
3948683237
3948771403
3949108617
3949125667
3951520075
3951566063
3958830790
3958929340
3962157367
3962175676
3967220545
3967239684
3967246043
3967306653
3967360198
3967410856
3967442159
3975578474
3977664209
3977685559
3987622373
3987900235
3993838504
3997279850
3999419805
4002435096
4002461976
4006241581
4006255804
4013807087
4017954349
4024135090
4024155887
4037949628
4038641903
4038704879
4038804136
4038815410
4040068724
4041116952
4043691995
4054164904
4061880570
4066422276
4093174020
4093692819
4093846511
4096336152
4108794955
4110998347
4111078465
4111442866
4114098763
4121278027
4121288810
4121331050
4125723365
4126217404
4126284558
4134717690
4182594564
4191734102
4210320777
4210400127
4210415855
4210519013
4210581006
4210589915
4211108622
4214815543
4215829303
4215901802
4216666730
4217906129
4218980008
4219109277
4219793627
4219918442
4219926890
4224291373
4224300189
4224454496
4224770175
4225244399
4225253431
4225283506
4225391026
4225533782
4226922141
4226969850
4234303697
4235734788
4235787165
4235850725
4236154392
4236257089
4236267043
4236442853
4236480884
4238184892
4246686959
4249516271
4249545701
4249649166
4250484658
4250985640
4252957833
4253036107
4253059393
4253089775
4253114812
4318874628
4322596448
4322629871
4322659209
4322664892
4322675091
4322688116
4323303715
4323317016
4324010674
4329276235
4333315209
4334041860
4334124558
4334608859
4334620256
4334631868
4334912403
4346887028
4355021654
4363237564
4363377187
4363434817
4370179885
4395156043
4397787764
4399982309
4401432754
4401510967
4401822744
4402613078
4402815154
4403704682
4410254893
4410633793
4413413093
4413579595
4413590286
4414115813
4414212059
4414820100
4417587726
4418092118
4429041678
4429113501
4429553012
4442466287
4461227176
4461419022
4464121092
4464130554
4467102775
4477003217
4477748238
4484440436
4488875176
4489933603
4489950314
4501198074
4507026303
4514338431
4514343960
4514356893
4514363990
4514395355
4514424754
4514658871
4514773733
4515806355
4516392923
4523249842
4541257660
4544470204
4544568662
4544835281
4544979787
4547337609
4547428294
4548658968
4548670458
4548916125
4549123578
4557058861
4561425617
4573249560
4573350998
4584965677
4584984539
4585034459
4586977530
4598554147
4598594758
4599512918
4603194833
4617943996
4618875150
4619521345
4623260737
4635684919
4635983118
4636236773
4636294865
4636966496
4637893349
4640760416
4641341792
4641663123
4642154367
4642224623
4642303850
4648082559
4648204118
4648208173
4650934112
4651337466
4653114126
4653214396
4653229234
4653248587
4653258756
4653327569
4653380008
4653435457
4653484548
4653490753
4653550258
4653555849
4653776910
4653802561
4653927254
4655455789
4658248267
4658296283
4671688974
4676088815
4676168779
4676245579
4680422025
4680469487
4681752447
4681797544
4681825530
4681907060
4681922789
4682256408
4682264150
4686604302
4686754707
4686986336
4695476115
4699831197
4703052835
4703315398
4704922792
4705409396
4724428456
4732390865
4745859004
4749063530
4749141375
4749226592
4749362989
4749489586
4749509124
4758912116
4759021080
4759443726
4759624175
4759634006
4759664081
4759699378
4759707734
4760024856
4760087894
4760153911
4760305391
4760320721
4760511154
4768385796
4768679755
4768710383
4768777599
4768837318
4768880971
4769025233
4776579188
4796823607
4797146075
4797208989
4797569550
4816779995
4816790470
4818710624
4822633476
4824553353
4824621121
4841028120
4841050577
4841432180
4843466336
4843498438
4843553949
4843683250
4843791415
4843804164
4843980067
4856687364
4871687848
4871773587
4879239715
4880000035
4880360257
4882100730
4882879574
4883030317
4883595288
4884206401
4884751681
4884880951
4885071200
4887508863
4887556479
4887567354
4887700740
4898847676
4926229272
4927255566
4928708837
4928861546
4929082054
4929208314
4929214550
4929386735
4929477974
4929497143
4941051119
4949646883
4957368846
4976456411
4976512168
4976528050
4976561350
4976645677
4976725088
4976828799
4976954874
4976971339
4977035974
4977084666
4977259155
4977319581
5003032344
5003167574
5016114948
5016170090
5017496150
5022653393
5029260865
5037658454
5039923624
5040712022
5041017071
5041803165
5045100466
5045203378
5053961251
5057153396
5057377407
5066122592
5073706592
5105879187
5106033678
5106119510
5106328344
5115383494
5149929732
5149946904
5150515347
5159528503
5168036253
5176040626
5188136995
5189218431
5209893728
5209901439
5210070153
5210244028
5210878396
5210929576
5210946257
5211114295
5211390283
5226910734
5227626694
5228082456
5228120641
5237061052
5237066643
5237099851
5237109405
5237324445
5237330651
5237609435
5237701718
5237763403
5237800575
5237822417
5237832216
5237847023
5237916328
5237948338
5238030145
5238039914
5238107130
5238240915
5238282510
5238364993
5238398877
5238432823
5238519546
5238554443
5238630475
5238664759
5238730592
5238896726
5238959333
5239090108
5239211667
5239260297
5241722751
5242443473
5242562605
5242898374
5244609571
5244642226
5244732911
5244756873
5246362454
5246937655
5249615333
5249723222
5250115485
5250198675
5250695540
5250831108
5250908461
5251003293
5251011834
5251495336
5252730433
5252842008
5252954659
5252961663
5253099718
5253202907
5253330948
5253370853
5253458313
5253486237
5253536157
5253621283
5253629700
5253804589
5253903507
5254080608
5254305509
5254572988
5254611204
5254688649
5255003437
5255222071
5255510010
5255653779
5255767044
5255957231
5256006230
5256128311
5256468965
5256554152
5256566685
5256621889
5256631996
5256658200
5259527049
5259645659
5261263159
5261493805
5261522497
5263994167
5264438532
5264451803
5264583592
5264711479
5265031428
5267852415
5268056549
5268184959
5268426756
5268453912
5268514185
5268590493
5268596730
5269641517
5269687443
5269730328
5269746303
5269762369
5269824547
5269832319
5269879474
5270021769
5270033688
5270273949
5270503674
5270518481
5270582040
5270637428
5270671220
5270702708
5270798217
5270809829
5270980786
5271136260
5271226392
5272723869
5273057151
5276121809
5276751046
5276867506
5276887996
5276900376
5276970879
5277013641
5277035452
5277045620
5277125001
5286259747
5286719871
5288127307
5288177473
5288689699
5288723214
5288728836
5289064513
5289173139
5289377765
5289406273
5289480493
5289625184
5289736882
5289869377
5290036494
5290266618
5290289750
5290402769
5290616488
5290666008
5290787260
5291896529
5291923900
5292168677
5292207630
5292336562
5292452745
5292484079
5292696570
5292905343
5294664431
5294694353
5294830964
5294939836
5295005946
5295131529
5296206913
5297597270
5297611892
5301578889
5302127395
5302139836
5302331191
5302410356
5302423259
5302439786
5302559410
5302568288
5302668251
5302682505
5302717618
5302745696
5302815154
5302892875
5302901108
5303000826
5303418310
5303482423
5304318990
5304380645
5304411150
5304446232
5304554920
5304599218
5304612980
5304663515
5304687814
5304849862
5307946838
5312435245
5315702716
5316034185
5316962973
5318414831
5318689345
5319468251
5319927699
5320068581
5333012330
5333037705
5333280977
5333373014
5333453254
5333466034
5333577670
5333605195
5333786781
5334024186
5336192618
5336429715
5336459882
5336501876
5336597323
5336660115
5336671789
5336868059
5337128411
5337299890
5344720429
5346689212
5346696831
5346703036
5346846130
5346920073
5347543105
5357804691
5358036381
5358151889
5358624700
5358877065
5358896357
5359088511
5359168106
5359187613
5359526547
5359571767
5359820169
5360084607
5360190806
5360248559
5360255410
5360267882
5361182724
5361338996
5361344710
5363675744
5363700627
5364326670
5364497995
5366568124
5367510890
5367946039
5368873261
5368922536
5368927666
5368986126
5369090543
5369210628
5369313202
5369329053
5369439860
5371666907
5371747086
5372445782
5372470235
5374308458
5374352142
5374906423
5380551100
5383532630
5383997577
5384358629
5384732369
5384864403
5385013180
5386279643
5386387194
5386506479
5386642170
5398027555
5398095476
5398147424
5402191098
5406047656
5408739496
5408752552
5410371250
5414979219
5415308015
5415354034
5415488618
5415499954
5415963304
5415996389
5416109224
5416190048
5416204486
5416206422
5416220922
5420144695
5420202234
5420230895
5420399395
5421230155
5422232580
5443128846
5443179841
5443296884
5443442528
5443690653
5443910516
5443924125
5444174923
5444464459
5444488513
5444522520
5444574990
5445937422
5446396225
5446512132
5449733492
5451461062
5452022470
5458924947
5458942365
5461080877
5461362118
5461405034
5461557958
5479297376
5481235808
5481630038
5481649238
5481681033
5483590619
5483601647
5483683393
5486042874
5487189160
5491304011
5494387163
5503180886
5504405201
5504476471
5504484059
5506998122
5507006724
5507158143
5507166621
5507424854
5507492069
5507659524
5507844427
5507932747
5508079313
5508406419
5509268453
5509430900
5512008554
5512926222
5550088913
5551780724
5551789050
5552011002
5552016623
5552084023
5552094191
5552229144
5552459206
5552515762
5552563470
5552656337
5552820043
5553140269
5553721430
5553761181
5553783668
5560681722
5562264692
5562672070
5565214488
5565315373
5567642751
5571020998
5571147165
5571254624
5571309490
5578522730
5578600605
5578610497
5578731227
5579241578
5585352370
5585399894
5585441212
5585448831
5585464744
5585497215
5585628788
5585740947
5585774278
5585802571
5589383817
5589402003
5590599960
5607976698
5627159156
5636534747
5642318524
5643034761
5643111561
5644038383
5644565293
5644742179
5644949907
5645117761
5645160739
5645206880
5645874333
5645894363
5645931841
5645957032
5646156312
5648573761
5651312664
5658437953
5673067493
5673373188
5676314013
5680924963
5680931782
5681197695
5681290653
5683209117
5689830783
5698357027
5698532100
5699732914
5699744895
5699835734
5699986845
5700208183
5732779217
5732834021
5733039323
5735712946
5736159338
5736668614
5736678936
5737817327
5737989544
5740111343
5741351387
5741531590
5742196310
5742719871
5743561015
5743880595
5743965167
5748232083
5748257028
5748328943
5748392319
5748633655
5749494952
5749621825
5760263817
5760801908
5760822952
5760840523
5760961468
5764898513
5765121939
5765235388
5767667767
5767759282
5767857340
5775717974
5775741259
5775889176
5775922938
5787827368
5792416659
5799440541
5799612604
5806799026
5814565595
5836407269
5836551991
5837863090
5839657568
5839851227
5843831279
5844027150
5844096577
5844102076
5844223942
5844293554
5844414437
5854023100
5854545340
5855619281
5860027416
5861621784
5862560127
5868116084
5890793189
5890816628
5890900125
5890948817
5890958493
5891191996
5891206650
5891412443
5891581833
5891665146
5891737860
5891742314
5891896375
5891912442
5892902885
5893291493
5902185210
5907648086
5910415159
5911386986
5911406125
5911935553
5912721371
5912793286
5913168316
5913209112
5913222291
5913333805
5913430511
5913476284
5913576954
5913584818
5913701646
5913868701
5918588154
5918890408
5918948837
5918953691
5923074687
5924662296
5924697133
5925946423
5926852018
5928759699
5928986413
5929035165
5932200923
5932576475
5932653060
5932787890
5941972279
5942833699
5948465320
5956210723
5956220276
5956227803
5956347304
5956958355
5974069364
5974692028
5974989091
5974996863
5975092648
5975341449
5975490287
5977338802
5977448718
5978499557
5978559676
5978635585
5978811949
5979717267
5993398204
6031124484
6034459017
6034467557
6034666715
6035106318
6041278765
6041288288
6041367853
6041381800
6044511768
6044819644
6045335986
6045417240
6045479141
6045547186
6046217343
6047714420
6054391167
6054463297
6054470824
6054480439
6054567284
6054599694
6068525316
6068544946
6077079300
6077091926
6077147836
6079323979
6090247428
6101354582
6101372430
6101516230
6112947112
6121960390
6122194938
6122312872
6122588860
6122917963
6122951418
6122978697
6123048800
6123058200
6123144616
6123272626
6123283716
6123295451
6123366568
6123539828
6123630575
6123808874
6130574954
6130774696
6130837364
6130878130
6131271715
6131689414
6131771130
6131821971
6131916097
6132060235
6132135622
6132184651
6132196264
6132238811
6132283140
6132345839
6132367036
6132493295
6132600385
6132617435
6137621262
6144141859
6144523739
6144623640
6146386292
6165028847
6165204105
6165555941
6165608227
6166059718
6166624260
6166631141
6166658236
6166668681
6166754298
6166772914
6166781116
6166789349
6166861019
6166940799
6167094952
6167112032
6167200444
6167401384
6167458154
6167566012
6167611785
6167640170
6167777089
6236330582
6236526545
6236574529
6236579537
6236629211
6236650776
6236659132
6236671635
6236811657
6236856293
6237549398
6237573482
6237585002
6237720600
6242558908
6242678870
6242748113
6254086742
6254116602
6254297051
6254428471
6254478330
6254777604
6254968713
6255054821
6301110798
6301709408
6301871517
6302442387
6302534670
6309382711
6310663858
6313603455
6313818833
6316627132
6316635304
6316817227
6317137545
6317399709
6317424931
6317496846
6318510821
6318726076
6318776703
6322667575
6353242822
6353374150
6358240229
6358245851
6359033082
6359060791
6359390417
6359403964
6359484297
6359491854
6359537535
6359545245
6359577102
6359621677
6359633350
6359645577
6359785445
6359889248
6360210180
6360262373
6360374102
6360431026
6360463866
6360471269
6360570925
6360636911
6360749316
6360786211
6360841476
6360985768
6362091688
6371309746
6372384301
6372506106
6372532678
6374636046
6377639387
6377695451
6377852860
6377973252
6391716335
6404155355
6404161745
6404227270
6404293810
6404303732
6404317987
6404340750
6404347017
6404760723
6409249345
6413230135
6414435864
6414503448
6414647494
6414774798
6414913376
6418301731
6424553035
6434456856
6443008874
6443140141
6443333585
6445151594
6463472142
6463826897
6463915647
6463920931
6463997823
6464159041
6464268712
6464329660
6464441972
6467750148
6468153041
6468264523
6496620404
6496651985
6496731519
6496755388
6496920324
6496987908
6497025601
6497140832
6497206296
6497361770
6497523511
6497536782
6497833906
6498181718
6498226845
6498277042
6498292678
6498340233
6498352306
6498377158
6498393256
6498712406
6498770651
6498787793
6499165157
6526068719
6526079717
6537195227
6556051316
6558769883
6575229352
6584090228
6585194827
6585351837
6585482305
6595060801
6599110066
6619916046
6631317805
6631384836
6631720360
6631819155
6635250702
6698275516
6698374957
6722180499
6722508005
6722557894
6750360877
6750373533
6750443083
6750464004
6750528147
6750535581
6750587744
6751509958
6752855464
6752869134
6752916043
6752961755
6752972445
6753143371
6753247942
6753845784
6753878624
6753887594
6754004422
6754235713
6754724008
6756572553
6756618264
6756655466
6756701147
6757362149
6757464938
6783280337
6788441235
6788465658
6805175955
6833150847
6835747977
6836817371
6836850794
6836883142
6842067450
6853972340
6854138443
6854434891
6854491386
6854557219
6854610671
6854645385
6854656567
6854755516
6855027419
6855089227
6855161297
6855349426
6855403155
6855449204
6855499524
6855507173
6855525544
6855543883
6855553745
6855886872
6857564215
6859882807
6860043350
6860065345
6860191144
6870048301
6870258917
6870517119
6870776365
6870906249
6870941393
6871022340
6871067191
6871486273
6872475304
6872488052
6872681466
6873167241
6873223090
6873240815
6873366399
6873383479
6873484916
6873527494
6873588811
6873610961
6873633018
6873668438
6873679098
6873701155
6873747726
6873784037
6873861206
6873884215
6873920710
6873943812
6873995974
6874023561
6874209509
6874274236
6874346152
6874403137
6874572773
6874631602
6874790025
6874800255
6874842679
6874871740
6874922551
6875029303
6875322863
6875472931
6875717001
6875807103
6876025706
6876043493
6876717244
6876878309
6877087297
6877183666
6877259391
6877277147
6877408475
6878051444
6878201757
6878260801
6878366202
6878484566
6878643296
6878661820
6878786789
6878922203
6892894458
6895224201
6897913460
6897930172
6898431523
6898439295
6898452996
6898638729
6898728923
6898852233
6899769194
6899894655
6900244648
6900255400
6901097189
6901175064
6901349523
6901671592
6901912590
6904700184
6905080099
6910092589
6910149298
6910200846
6910212427
6910281332
6910314694
6910370513
6910384644
6910448265
6910459662
6910570254
6910731749
6910751441
6910931122
6911007830
6911048227
6911218600
6911259488
6911331526
6911464360
6911552065
6916175118
6916230199
6916243962
6921775466
6923403442
6923485618
6923503620
6927032119
6927060259
6927072024
6927086831
6927198867
6928094939
6930000378
6930032388
6974644924
6974939345
6977243406
6977321066
6977546674
6977581940
6977650907
6977734680
6977741439
6977747368
6977829943
6978459949
6978521143
6978609832
6978969624
6980147890
6985644404
6986037221
6988515956
6988540102
6988570423
6994555508
7055568961
7060336429
7062124087
7062327761
7062717966
7062860783
7062870675
7062952913
7062975492
7063093057
7063154251
7063496626
7067770177
7067791988
7070053411
7070578815
7074368864
7075026211
7075547160
7076028297
7076095144
7076168933
7076218853
7076324499
7076346710
7078322190
7079309131
7079619649
7079734235
7080736229
7080745783
7080859140
7081063704
7081176815
7081196660
7101642019
7101657041
7102403414
7104770943
7108459462
7108523053
7126839177
7135360567
7138630373
7138771347
7148010234
7152867926
7152998086
7179404507
7201337911
7201444602
7202247223
7206729609
7207117787
7207274705
7212433668
7212831246
7212903868
7212985583
7213112273
7213251680
7213266364
7218032849
7218079174
7220049524
7220057266
7220090321
7222969983
7228244422
7233811255
7233873002
7233880529
7233951860
7233978556
7234078488
7234110283
7234126504
7244708315
7244755777
7244787112
7244793286
7244809384
7244940742
7245431863
7245523194
7245592467
7246497294
7246525894
7247971424
7248181917
7248288669
7248343228
7248841660
7249824454
7252374491
7252407515
7252419188
7252492947
7252502716
7252640495
7252891263
7252897867
7260410198
7266225156
7271501408
7288099946
7288551039
7288661539
7288773359
7288782299
7288835322
7288920508
7288944531
7288956174
7289238982
7289475987
7291582918
7291667706
7292060799
7292199899
7292222601
7292854726
7292919638
7293019293
7293156366
7293664905
7293929404
7294035941
7294107273
7294336751
7294350022
7294505220
7294862586
7295622199
7295655807
7295662995
7295901935
7297166708
7298746362
7315853469
7329567062
7329575295
7387010881
7387024828
7387105622
7387199686
7387671853
7388402897
7388479420
7389063192
7389194090
7389314113
7389509462
7389681893
7390281885
7390304618
7390313251
7391219275
7391416406
7417666584
7417895540
7464194912
7464201978
7464246399
7464250884
7464260899
7464377635
7464388417
7464417478
7464564228
7464712175
7464898861
7464925126
7464953942
7464968933
7465063305
7465100015
7465328388
7465391947
7465483616
7465923281
7465958578
7465999773
7466021308
7466028619
7466047236
7466066651
7466102716
7466382698
7466442141
7466523795
7466594728
7466607231
7466695581
7466802272
7466853851
7466945366
7467110179
7467127505
7467994699
7468038598
7468151679
7468204886
7468367763
7468459800
7468631617
7468767799
7468811083
7468907483
7469661290
7469843828
7469915529
7470012512
7470043662
7470671855
7470742481
7470920134
7471186569
7471883636
7473697468
7479931293
7479941247
7479967789
7499530531
7499634456
7499695651
7516958601
7517089560
7517577240
7517706940
7517795506
7517802756
7518034016
7518920134
7532039233
7559501316
7561258254
7561353087
7561449025
7561477748
7561563273
7561573042
7563806570
7564688787
7564776523
7564792283
7564828778
7564950061
7564961427
7566116960
7567251665
7567968239
7589433931
7589521914
7609525856
7609557467
7609572796
7629223182
7629231354
7634461987
7634469759
7634725411
7634800060
7647864938
7670001770
7682956118
7696066799
7706760800
7708264851
7710337345
7714014222
7714162968
7714702964
7714801975
7714812205
7714859575
7714938065
7715038826
7715283204
7779785834
7779854893
7779985330
7779992856
7780005114
7780110053
7780783374
7780802513
7781013866
7781138559
7781233268
7781365825
7817827455
7817864472
7817941549
7818091094
7818123503
7818221869
7818237751
7818247459
7818270591
7818356515
7818368342
7818406742
7818519730
7818579910
7857024547
7859686097
7875912769
7876287246
7889728598
7889786443
7890246445
7890754062
7891767085
7892376170
7892455643
7892903786
7895027460
7898248575
7900009875
7900016050
7900209555
7900377194
7911347337
7911387734
7917041043
7925352155
7925377990
7925385271
7929517787
7929590808
7929710371
7929785512
7929831960
7929866981
7929907624
7930023684
7930075723
7930105307
7930149513
7930161494
7930169389
7930309288
7930405165
7933329924
7933362917
7933432068
7933480083
7933504075
7933524566
7933564625
7933601458
7933708486
7933737732
7933748637
7933759205
7933795055
7933815453
7933854007
7933927704
7933954216
7934002108
7934009051
7934082871
7934170423
7934180008
7942478647
7942541469
7942566168
7942609084
7942616918
7942654273
7942739429
7942824155
7942873768
7943012868
7943120941
7943367745
7944767901
7944884545
7952206688
7953901910
7953927469
7953941539
7953959571
7953975115
7954472011
7954922059
7966393061
7966406056
7975390365
7975419642
7975435616
7975625466
7986459795
7986534875
8012540645
8030021062
8036127523
8042036146
8043244087
8049237190
8049252950
8049281212
8049298200
8049321210
8049332945
8049397579
8074206068
8074702012
8074708586
8091465947
8091770443
8132357124
8132376877
8132520554
8155110107
8174622652
8175296833
8175311395
8175476668
8179257102
8203386249
8208146036
8208200626
8208264278
8208331155
8208379631
8208510529
8213338853
8213464713
8213470734
8221591935
8221716719
8243596148
8245065640
8268843811
8268851951
8268861444
8268886880
8268898799
8268922085
8271629285
8271983825
8293502662
8293511817
8293676937
8304452438
8304644653
8330032890
8330091841
8330120411
8330655338
8330778249
8353694324
8354390962
8354700681
8354721355
8354757482
8354875171
8354902603
8354913939
8354929729
8354970249
8354982967
8355021029
8355057002
8355083268
8355096139
8355119732
8355137919
8355156596
8355239510
8355343620
8355386996
8355446931
8355465947
8355471476
8355609778
8355773546
8355918637
8358669951
8359101935
8359175018
8359361765
8359394605
8359495796
8359543781
8359724568
8360022491
8364308545
8365692819
8365730236
8366068156
8366133620
8366177059
8366187718
8366311674
8366433294
8366460696
8376392472
8376447492
8376522356
8376567054
8376581492
8376623456
8376641151
8376701884
8376851337
8376877541
8376962789
8377038667
8377302798
8377398859
8377492064
8377776316
8377916215
8377990465
8378066897
8378136600
8378185261
8378215305
8378372561
8378472585
8378494212
8378560014
8378701756
8380065417
8380352434
8380969445
8382264201
8382325641
8383597818
8383665033
8383935983
8387500794
8387624349
8387796105
8388763109
8388785658
8389116666
8389582104
8390155432
8390295238
8390412497
8390494949
8390504657
8390606985
8390768879
8392226728
8392603601
8392873967
8399771775
8399859327
8399881445
8400104503
8400145422
8400235432
8400247320
8400346976
8400603396
8400622872
8400788852
8407434817
8417109590
8417269702
8417335259
8423263574
8423334537
8423343169
8424118788
8424932069
8429373628
8429422842
8429450152
8429469382
8429586548
8429729335
8429750040
8429898725
8430058070
8430168355
8430231238
8430301403
8430308161
8430369693
8430451962
8430583228
8430625806
8432256424
8433716299
8435134519
8435772696
8435979933
8435993850
8436134793
8437938948
8438199484
8464919924
8465060069
8467476320
8469451770
8469460617
8469551702
8479578710
8494283206
8494735251
8494961227
8495248091
8495853060
8495865317
8496976275
8497018362
8497074211
8497080416
8497147416
8497833701
8499666487
8499829856
8499920726
8500560992
8500579117
8501391845
8502665005
8502716737
8502774583
8502782509
8502857619
8502890981
8503070939
8503082213
8503275473
8503388860
8503708840
8503715229
8504060154
8504293503
8504417980
8504572778
8504684906
8504737929
8513409939
8515093702
8517140637
8517352974
8517449773
8517472168
8517534867
8517589364
8517666410
8568200779
8568401227
8571175919
8588341180
8592523370
8592617066
8592771680
8592779483
8592885682
8593050618
8593652852
8594026684
8595747803
8614274113
8614317828
8614506080
8614591021
8624975179
8625018433
8652223236
8655080779
8655777079
8656090669
8671360598
8671708256
8671719745
8672918163
8672932294
8676129018
8677122656
8677129476
8677282308
8677353609
8677469884
8677478762
8677566499
8677638015
8677660809
8677798465
8677829646
8677837664
8677932804
8678010372
8678051322
8678111318
8678138966
8678152882
8678435199
8678477254
8678796804
8678887121
8679190757
8701432590
8704180125
8705878143
8705934852
8708292151
8708847999
8708992874
8761020881
8762694598
8762868043
8762945704
8763154876
8763161542
8763608580
8763724394
8763808721
8763818213
8763949603
8768134465
8771609757
8771980271
8772174637
8772279269
8772407894
8772719210
8772879323
8773388845
8773415755
8774867153
8775465855
8776624705
8780399210
8785952219
8788197421
8788485789
8798543425
8798745256
8800343648
8801506369
8803461636
8803500558
8803854698
8803872116
8803949992
8803962587
8804058065
8804697348
8810348046
8811686854
8811787155
8811941277
8812437989
8819500333
8844346915
8848429142
8848541976
8855731624
8857569601
8857591044
8857690362
8857741695
8857828233
8857837019
8857922574
8860554049
8860585353
8860711704
8860732686
8864790460
8864810152
8865296603
8865317124
8865356753
8865403908
8865416718
8865425811
8865453828
8865463720
8865503072
8865536403
8865627979
8866014099
8867353983
8869143484
8869325162
8869388046
8869418858
8869426907
8869440731
8869542936
8869578510
8869588064
8869706858
8886435588
8886458075
8894231341
8896374767
8902937727
8902964084
8902995235
8903354689
8903545092
8903917357
8904086931
8904124809
8904253587
8904263049
8905784058
8905926445
8945096718
8945152168
8947403913
8949294360
8949443229
8949477789
8949612773
8949958158
8950120759
8950198235
8950482610
8950879389
8950907744
8951157037
8951420000
8951488997
8951574399
8955691800
8955947944
8956016910
8956264882
8956565078
8956655917
8957294801
8957311543
8957460842
8957509533
8957612845
8957742637
8957920475
8957983236
8958076963
8958094381
8960125188
8960133114
8960582762
8966353944
8966363867
8968026587
8972687487
8993426159
9011212456
9011224590
9011249934
9011337855
9011349897
9011356041
9011404517
9011465711
9011505801
9011537565
9011592339
9011620540
9011665053
9011724773
9011786428
9011804092
9011866761
9012120754
9012401873
9012524722
9012565426
9012758655
9018523447
9032476532
9032482339
9068553302
9068588875
9068713998
9069282195
9069288462
9069408700
9069519691
9073639028
9082086383
9094876840
9094939816
9095193133
9095216879
9095271745
9095301974
9095692548
9097008961
9101660829
9106170955
9106813556
9108734202
9108763877
9109725352
9111345279
9132961530
9133916645
9136700614
9146735947
9146868412
9146940389
9147301533
9147373879
9147921524
9147994116
9148001304
9163972018
9164026577
9164049371
9164156768
9164165830
9164233998
9164246962
9164311382
9164323608
9164339767
9164352915
9164387352
9164406061
9164419209
9164686135
9164719128
9164978159
9165072931
9165099012
9165915488
9166107826
9167806642
9168448874
9172616810
9172692627
9172703717
9172742578
9172755695
9172780425
9172856826
9172939831
9172999489
9173047965
9173669984
9178165610
9194591072
9194680252
9194770047
9195054698
9195267281
9195361745
9195434152
9195454365
9196101882
9196249522
9196639389
9196683903
9196772038
9197001332
9199567313
9200272613
9200357462
9208054419
9208537460
9208647254
9208731273
9225840224
9225866305
9225951369
9225963196
9225986083
9226192244
9226201952
9226210031
9226272608
9226299242
9226463686
9227778257
9229034612
9240677431
9240730331
9240765628
9240832137
9240895267
9240973910
9241081645
9241103364
9241131595
9241144498
9241244768
9241257332
9243393079
9245299869
9245457156
9247622977
9249367290
9253684678
9253720467
9254849550
9260986054
9265208918
9265356128
9268361466
9284438071
9284505409
9289941989
9311247354
9315136137
9329478598
9329628512
9330420381
9338670790
9344370979
9344399517
9344504426
9344692125
9347169171
9350398273
9350524963
9350859903
9350893603
9351149224
9373638168
9378388555
9378904006
9387554144
9397972340
9398134081
9404088877
9404108568
9409027762
9409620504
9411435995
9419820835
9420338405
9457745135
9460506157
9549883816
9569621016
9573672954
9582208137
9582218182
9582227890
9582281650
9582290866
9582394945
9582749577
9589499713
9614033565
9614043058
9619756026
9619769143
9619855773
9628055587
9641209522
9641591709
9641672165
9641754679
9641772251
9642600708
9644227793
9644268589
9644864956
9652820668
9653902473
9659451611
9659645116
9660057594
9660074674
9661356558
9661364146
9672761942
9675217176
9675270629
9675296280
9675305066
9675466408
9675494056
9675554236
9675593312
9675711246
9675720585
9675812468
9675893876
9675974578
9676185348
9676195209
9676275818
9676339501
9676495804
9676972671
9676983331
9676991164
9677154011
9677417773
9677689768
9679487963
9679600613
9679653974
9679938963
9680189731
9683009028
9694565032
9697988253
9701141661
9701567994
9701759502
9702663868
9719225481
9732585793
9735290413
9735354403
9743905038
9752435429
9752551612
9752601041
9752674062
9754114738
9754182138
9754273315
9754282838
9754540241
9754589393
9755696050
9756542294
9756704649
9760855412
9761910491
9762852335
9774338359
9780672116
9780758071
9780787409
9780856651
9780863502
9780874438
9782358675
9783638685
9787807912
9787816483
9788091642
9795968188
9798211608
9798249824
9798890336
9799681407
9800133851
9800152068
9800166107
9800192557
9800199561
9800362500
9801518555
9801710862
9802296047
9803525492
9803678447
9804189044
9804488349
9804496951
9805016088
9805166831
9805181853
9809489012
9818920237
9820593617
9820783528
9842265501
9855976237
9861243857
9861307723
9861357367
9861403078
9861515606
9861568690
9861586815
9861608534
9861698943
9861850054
9861860776
9861951891
9868663935
9869018198
9869367392
9879104188
9879253395
9879358580
9889055348
9889301078
9889613899
9889945030
9909525252
9910629021
9930273448
9930647003
9936828113
9945497911
9949628829
9951515130
9956726440
9981430051
9981442676
9981448728
9983461288
9986598844
9986894463
9989069254
9989080068
9992615110
9992694153
9992702294
9992998465
9993011429
9994168314
9994324310
9994331191
9994452443
9994936498
9997659427
9997668612
10000789702
10000797075
10004604143
10004610441
10004617076
10006490259
10009126557
10010855971
10012741318
10012775940
10014793998
10020180228
10021004875
10027912175
10028921358
10028947685
10029103866
10029112928
10030781270
10034291275
10039024828
10039030911
10039048237
10042668189
10042684840
10045485859
10047548860
10048402016
10052060614
10053052471
10053414721
10054251964
10054875887
10055159156
10055168557
10055177803
10056934097
10064027744
10067488383
10072908681
10074068392
10076679469
10077647947
10077676241
10080924205
10097932701
10097942931
10097951072
10104188399
10106772412
10106793425
10106814222
10110083905
10110390091
10121072818
10121359651
10124640669
10124657197
10125138364
10128374532
10128450871
10128590678
10128600017
10128613318
10128742219
10128756596
10130647597
10131983241
10133712040
10135003969
10135012602
10135273660
10135397892
10135661961
10135736273
10135756118
10135831474
10135842257
10135994106
10136087863
10136126355
10138159620
10139882950
10141484292
10141852440
10142775761
10143031720
10143042134
10143073038
10143168362
10143196809
10146527195
10147811076
10147881609
10147902345
10147909226
10147954354
10147963478
10148010664
10148126755
10148137660
10148391561
10148421697
10148580704
10148785453
10148964397
10149030629
10149518371
10151210152
10157387114
10158328928
10159017855
10159188904
10159409780
10159583563
10159602825
10159632593
10159679379
10159877093
10159887446
10159900348
10160189731
10160234766
10160239374
10160251478
10160283089
10161583343
10161615907
10164274845
10164296841
10164426479
10171889043
10171907875
10171918811
10172371470
10172380963
10172496869
10172509280
10174268829
10174477910
10178670022
10178685014
10178699114
10178704183
10181934575
10184485564
10185569611
10185596707
10187672549
10187919446
10188154884
10188181149
10188201547
10188228090
10191211585
10191270936
10191705286
10191918760
10194117943
10194161780
10194176803
10194187032
10194267734
10194296580
10194403117
10194895005
10200480547
10203905611
10203934273
10204423581
10216263899
10217115949
10217447786
10217579575
10217729519
10219671822
10219849906
10225597003
10225619798
10225991878
10226095528
10226278619
10226290815
10227286266
10228951843
10228969875
10229832032
10230306011
10230449627
10230514661
10230635790
10230717659
10230723434
10233729110
10233882464
10233897117
10233906548
10234240014
10234264867
10238385617
10239460694
10239568152
10239621882
10239662954
10239673430
10243221559
10243310063
10244134465
10244258666
10245489555
10245619316
10270083741
10271642259
10272344365
10273002664
10281229234
10281246376
10281680603
10281695840
10284430719
10286555990
10286571012
10286577402
10294990596
10295007492
10303241773
10304902895
10304910115
10305209573
10305319858
10306336598
10306655133
10306666500
10307230458
10307327748
10307334537
10307347378
10307426021
10307457325
10309748422
10312244607
10314084305
10318699032
10318959845
10319029948
10319648127
10319967123
10319975540
10326522126
10331798747
10335448436
10335458666
10336388591
10336638099
10336850129
10338528946
10338535243
10340760877
10344860307
10348832127
10349166053
10349170845
10349615610
10349748074
10350648723
10354861357
10355951978
10356051235
10362957367
10362990207
10363005044
10383519891
10383660835
10384416270
10384523299
10384633706
10392741482
10392746612
10393478609
10393567635
10393582074
10423629183
10423670409
10424094314
10428295551
10439879203
10451175684
10457223561
10468242641
10471539818
10471637446
10472157475
10472195905
10473013518
10473124049
10473966299
10474064511
10474081499
10474091636
10475945588
10475954589
10509400467
10517177819
10524632887
10528776769
10528971565
10529083969
10529200951
10529713576
10532834451
10532904616
10533088905
10533327292
10533766865
10533813989
10534841788
10534891985
10535085981
10535267352
10539627135
10539704887
10542025046
10542988087
10543139137
10543168813
10543193512
10543228072
10543274182
10543357587
10543944708
10543994259
10544018866
10544412451
10544823761
10545023133
10545042395
10545061257
10545093083
10545246161
10545306433
10545342283
10545352083
10545402556
10545426303
10545819334
10546121496
10546130651
10546234392
10546296631
10546557812
10546659834
10546702872
10546742655
10546803910
10547174148
10547219275
10547752636
10565546244
10565692563
10565725311
10565876054
10565928616
10566363427
10566464833
10566743648
10567437060
10567458042
10573292660
10575265806
10575300305
10579163283
10579186815
10579245889
10579284658
10579356082
10579412146
10579423451
10579474507
10579484737
10579519973
10579572996
10579582611
10579631425
10579721834
10579819432
10580130625
10580576710
10580625002
10580656091
10581039907
10581119410
10581132681
10581793530
10582917298
10583023528
10583083124
10583257092
10583979227
10584034216
10584048623
10584124963
10584629508
10584824518
10584840585
10585277976
10585417722
10585484630
10585494061
10585554364
10585811030
10585946075
10586742552
10586845618
10586864879
10586934829
10587197147
10587386382
10587800979
10587836952
10587911755
10588708264
10593245485
10593273901
10593351592
10593371867
10593605830
10593693505
10593855676
10595889371
10596264831
10596274968
10596290390
10596311494
10596386851
10596457291
10596506689
10596737335
10596867311
10597867585
10598059985
10598088585
10598324760
10598372683
10598536114
10599006529
10599251398
10599285743
10599461277
10599554697
10600299718
10600370712
10600824232
10600867823
10605909436
10606087151
10606112895
10606447558
10606530902
10607137437
10607163058
10607177066
10607220904
10607242653
10607260686
10607280900
10607334537
10607396561
10607669477
10607688124
10607737522
10607793340
10607813800
10607842738
10607867130
10607900246
10607911796
10607960211
10608053293
10608067762
10608085733
10608123672
10608139739
10608175988
10608197308
10608202746
10608313092
10608420274
10608452837
10608470900
10608489763
10608498548
10608515936
10609329002
10609388200
10610113161
10610218315
10610275670
10610361747
10610386815
10613041453
10613241163
10613287766
10613305123
10613393074
10638865115
10639049558
10639777622
10639836543
10640562886
10640944951
10642653137
10642867040
10645099985
10648528951
10648732625
10649901889
10650061787
10650150813
10650162241
10650414729
10650476538
10650585041
10650711269
10650721161
10650923022
10650941700
10668225632
10672280457
10672301347
10684919556
10684935223
10685010026
10685017983
10685037766
10685049716
10685058287
10685190568
10685302665
10685327087
10685339836
10685347209
10685418602
10685432887
10685443485
10685523112
10685552603
10685606762
10685688262
10685896052
10685987414
10686022865
10686205741
10686265829
10686291726
10686306103
10686323122
10686344011
10686354641
10686402257
10686413715
10686437155
10686537732
10686690932
10687018254
10687082674
10687103717
10687153944
10687254337
10687294027
10687825453
10688999540
10689178484
10689467007
10689481507
10689560795
10689572038
10689583866
10689595631
10690037231
10690084264
10690168713
10690178820
10690191876
10690233409
10691994679
10692146620
10692760867
10693301723
10694272659
10694374312
10694401960
10694415968
10694691403
10695154600
10695271643
10695294283
10695465486
10695523178
10695619762
10695639791
10695696408
10696090054
10696188174
10696307153
10696444225
10697490610
10697561235
10697678647
10697810743
10697823400
10697832677
10697886406
10697891782
10697927049
10698145099
10698296948
10698440872
10698868494
10698885728
10698986459
10699056869
10699065133
10699180855
10699206015
10699229178
10699301892
10699361980
10699371288
10699457366
10699470360
10699528421
10699635050
10699676369
10699712526
10699730989
10699766593
10699772983
10699784534
10699847295
10699858630
10701288954
10701318998
10701352052
10703727323
10703807256
10704215648
10704410474
10704941039
10705185386
10705279297
10705349277
10707875383
10707996420
10708030765
10708173674
10708329855
10708421677
10708722333
10708742854
10708817565
10708863000
10709031991
10709969780
10710448122
10710547900
10710659598
10710832859
10711082520
10711118278
10711154897
10711173021
10711183773
10711365175
10711854913
10712024641
10713725239
10713835616
10714108010
10715057381
10715337978
10715896959
10716094458
10716109971
10716440641
10716508901
10716914989
10717111044
10717171163
10717183482
10717256810
10717371672
10717547913
10717558665
10717566959
10717581920
10717598539
10717612456
10717622501
10717747347
10717930531
10717952342
10717964507
10718092794
10718113929
10718177611
10718183909
10718208823
10718233798
10718255886
10718333331
10718381070
10718416398
10718486132
10718559922
10718588829
10718633926
10718697148
10718833268
10718885032
10719547171
10720114600
10720136319
10720149989
10720177207
10720265281
10720278491
10720358762
10720381341
10720389605
10720413843
10720430647
10720444840
10720459002
10720951505
10721008275
10721487784
10721531037
10721552787
10721577455
10721615118
10721660461
10721671059
10721702793
10721733206
10721746753
10721842845
10721995862
10722490638
10724144357
10724192465
10724234336
10724248037
10724372299
10724485595
10724525531
10724543563
10724700174
10724894232
10724914968
10725392050
10725628164
10725877733
10725919205
10725929588
10725977757
10725989615
10726094125
10726306584
10727204653
10727224037
10727306090
10727421505
10728668553
10728707537
10728717213
10728830693
10728870445
10728916218
10728942852
10729070985
10729163360
10729191653
10729203941
10729218717
10729235491
10729255704
10729394344
10729419811
10729452589
10729641240
10730358921
10730423003
10730461434
10731602313
10731647809
10732196806
10732415410
10732474607
10732501979
10732524128
10732540041
10740750145
10750496403
10750510012
10750552590
10751281391
10751322925
10751340312
10751500978
10754100474
10755180251
10755233888
10755357475
10755504593
10755557155
10755586953
10755593343
10755625691
10755645321
10755732474
10755744884
10756100315
10757078440
10757185253
10757205375
10757233637
10757974204
10758464526
10758628049
10758933252
10762044973
10764536058
10764563368
10764724678
10766173618
10766189623
10766214568
10766264580
10766562748
10766763933
10766819444
10766909331
10766920421
10767019892
10767149469
10767710939
10767813667
10767831392
10767841192
10768346290
10769983174
10773324988
10785095418
10796609642
10807880564
10807892269
10808204599
10808249635
10808296390
10808431128
10808500033
10808555729
10809304744
10809316970
10809380776
10809410205
10809499386
10809519016
10809577906
10809688314
10809710678
10809750614
10809803114
10809947068
10810017386
10811353184
10812907800
10813082198
10813194418
10813318066
10813338157
10813594976
10822149083
10826120841
10828048521
10828088979
10830508271
10830517672
10830664728
10830707214
10830723281
10830803921
10830840139
10831071584
10836014094
10839088736
10840036018
10842373718
10842566486
10873685416
10886514272
10886531844
10887869669
10888728877
10888901615
10888923058
10906343049
10906423904
10917821024
10917906579
10917916870
10918042177
10918258938
10918373923
10918389498
10918407100
10918581467
10918606688
10918690431
10918719860
10918805446
10918854045
10919053172
10919680291
10919774386
10919811096
10921683572
10921775886
10921846173
10921884328
10927487656
10937394548
10940216856
10945297084
10946311121
10946317633
10947022565
10947388287
10948070486
10948251181
10958344974
10960117395
10960136472
10964654186
10965280813
10965994346
10966210492
10966224715
10966350575
10966359023
10966382278
10966444333
10966497816
10966579501
10967878772
10969055441
10969481926
10969562720
10969617402
10969674571
10969679548
10969720590
10971556724
10978452627
10981465215
10981923219
10984447635
10985409601
10990225422
10990435025
10990450385
10990519658
10991420338
10991594551
10996475345
10997012637
10997149188
10997372461
10998098436
10999117787
11007890620
11007947053
11007991720
11008005882
11008016234
11008073926
11008089471
11008097059
11008112357
11008125751
11008132294
11012718145
11016449581
11016455172
11019652018
11019703474
11025364371
11025385046
11026780717
11026789779
11026799210
11030587723
11030595403
11031674812
11034627926
11039356778
11039369558
11039802372
11040090587
11041813211
11041867739
11043343681
11044923795
11044938848
11044952549
11044963731
11044985204
11045118007
11045134719
11045142368
11045164394
11047965690
11048516929
11048593944
11050609668
11050635595
11051023159
11051090036
11051103369
11051115258
11051125917
11051142568
11051317119
11059431223
11060697348
11061399822
11063179770
11077711405
11077720129
11082267734
11084556404
11085291258
11087386546
11091577184
11092931721
11093727307
11093963514
11094085011
11096817279
11097259677
11097481967
11099743819
11099755555
11104296278
11104703195
11104790655
11104796707
11105246601
11105521821
11115528308
11121860438
11122125091
11123432042
11124816163
11128022409
11128120068
11130080587
11130549006
11130562830
11135436435
11135458554
11141426282
11141510854
11141685651
11141695021
11142068515
11142084120
11142094411
11142927077
11150551351
11153893165
11154056964
11162060476
11163964932
11163975438
11163982442
11164541485
11165751238
11166158463
11169294422
11174627690
11174666920
11174858336
11175041734
11177781129
11178363058
11178370676
11181801763
11188177944
11188206145
11188246511
11190119418
11191390427
11192273012
11196286795
11197409304
11198672419
11199276527
11199342944
11201027168
11202894883
11202935249
11203745274
11204161560
11204971155
11206691352
11207899478
11207932532
11207938339
11211902908
11212935469
11218388576
11218407407
11218470936
11222653649
11229990230
11231539777
11231554615
11232244955
11232269224
11232276412
11232962236
11233013201
11237941180
11238228074
11241925533
11241934627
11242643275
11242807505
11243179063
11243213899
11244208398
11244512956
11246490648
11250635759
11251141226
11251160672
11251206568
11251268929
11251282016
11251377985
11251443726
11255501930
11255827839
11255896099
11257084840
11258561642
11258601394
11258708545
11258744518
11258873204
11258915936
11260646762
11260729061
11260776739
11260888160
11261014972
11261610234
11261689184
11261705896
11261840388
11262146666
11262156804
11262178922
11264162666
11264362561
11264394940
11264475642
11264535146
11264542734
11264587278
11264614035
11264622145
11264658548
11264678086
11264693047
11264705796
11264722784
11264736301
11264759433
11264782350
11264798109
11272864567
11273001916
11273175914
11273729458
11276282413
11276377276
11276737099
11276747237
11276805605
11276814883
11277716238
11279014465
11279248736
11279370080
11279441934
11290840959
11292680534
11292686708
11292781664
11292913483
11294259910
11294432403
11294588092
11294990217
11295134724
11295150975
11344309027
11344410372
11344415748
11344491319
11344520104
11344525295
11344885518
11344919709
11345041361
11345519057
11353453879
11353479499
11354276253
11354534516
11354559615
11354674446
11354749987
11354852346
11354906013
11355232874
11358734493
11359235475
11359298666
11359327205
11359346897
11359353163
11359471558
11359515549
11359534872
11359547590
11359609675
11362435117
11364863809
11377353701
11384148074
11387938492
11388745937
11388766396
11397543715
11398985466
11400812015
11408442372
11408462340
11418623625
11418776611
11423686496
11423905099
11426646368
11426730203
11432517052
11432633082
11432905783
11433158701
11433219127
11433249693
11433269846
11433279707
11433393094
11433455794
11433465993
11433586047
11433816938
11433866305
11433890666
11433906579
11434102603
11435819176
11439050827
11439071471
11439094112
11439152971
11444627275
11444981999
11445556310
11446441967
11446704132
11446774173
11446938986
11447063832
11447147053
11447519994
11447806304
11448451516
11448756504
11454679351
11468848367
11469253687
11471522420
11476046616
11476091744
11477178587
11482080485
11482098641
11484410321
11485965951
11487269462
11487987419
11488364998
11489085997
11489106548
11489993281
11489998903
11490988087
11498026039
11498096849
11498164125
11498264334
11498303717
11498316957
11498328385
11506701029
11506971611
11509235398
11509587910
11510321043
11513164087
11522485887
11523704979
11523883616
11524199325
11524209187
11524217419
11527769727
11527779066
11528406122
11528777466
11543942148
11543950350
11543963713
11545006534
11545129568
11545139921
11548504559
11548645626
11548925792
11548943732
11549123905
11555839236
11572144275
11572312252
11575862900
11578919878
11579030163
11579579345
11579678017
11584356520
11584380666
11587295164
11591483498
11595710693
11598159231
11599165003
11601984516
11604316840
11604422578
11604943190
11610184421
11614236451
11616681148
11617048713
11627424331
11627467585
11630078478
11632141050
11633741592
11634901702
11635242817
11635930454
11637199988
11638929432
11639206619
11644701874
11644919556
11646524276
11656332251
11657307519
11657314031
11661196148
11661210218
11661444212
11663360803
11665698134
11667502995
11668441215
11668948433
11668975743
11669043081
11670620092
11670630107
11670753632
11675175776
11677000390
11677716381
11678652696
11678659547
11678676627
11680734222
11684096035
11684176644
11685072992
11686875734
11690879318
11690886230
11690997344
11691004686
11694209458
11696158427
11704198987
11704410495
11704422875
11704437405
11705413380
11706525475
11706542155
11706656127
11708894202
11709507557
11709522241
11715771672
11716992577
11718518808
11718526703
11718702637
11726936058
11726943830
11727249156
11731413897
11732911343
11738163665
11738951786
11739286880
11739302701
11758359238
11758478893
11758541039
11758556215
11758575077
11762622867
11762659086
11762870102
11762916643
11762940481
11762983674
11763216316
11763875782
11764228417
11776019583
11776040779
11778878632
11788545540
11788654872
11790187677
11790267181
11790285766
11791518468
11806583003
11806597871
11818656639
11818667790
11818672705
11818682474
11818692643
11818710921
11818898682
11818915363
11818923473
11820519100
11820528961
11821893789
11821934432
11821950283
11821958701
11821987455
11821992923
11821998760
11822149533
11824473471
11835979063
11837556750
11837793540
11837831295
11843488168
11843499165
11843537012
11852891252
11856431517
11858251432
11862805610
11862817530
11862996535
11865425166
11866465376
11870194477
11870363805
11875018438
11877486022
11877492781
11877522610
11877530781
11890062790
11890073542
11890081437
11890452105
11890702012
11891989917
11893996824
11894996760
11895016421
11898116192
11898568605
11898582184
11899560616
11913056895
11914574801
11914752823
11915366086
11917924049
11918341748
11918594052
11927827378
11930125326
11930840395
11930937778
11933165623
11935805638
11935845267
11936782012
11937944058
11941944047
11943517280
11943523147
11944151863
11944214409
11945341341
11945550084
11945634687
11946713573
11951119343
11952742127
11954231402
11956194779
11956256833
11959279374
11959304288
11959409535
11964160352
11964721852
11973845876
11973852635
11974985650
11980455622
11981138159
11981156837
11981321926
11991272196
11992776984
11999240134
12002268451
12004346659
12009397549
12010632585
12012570187
12012835393
12012859386
12012890597
12012974432
12016061208
12022542422
12023531083
12023538518
12023841233
12024230578
12025433327
