1604570351
1728613288
1764091539
1918499229
1918555232
1943720073
2023243923
2023303459
2023440255
2028678537
2067830931
2088134578
2153909876
2251056593
2257573718
2258976024
2283168577
2283191924
2283217975
2303588468
2303603398
2314604138
2368051624
2373129486
2397145737
2403521059
2407159167
2409666564
2442315964
2446147363
2446173198
2446418958
2446615228
2447318225
2447709751
2553182816
2554066477
2554273530
2559185934
2566496096
2566653382
2573802111
2608745496
2814344564
2873093615
2982541418
2984390363
2984511430
3056609120
3062509971
3093379915
3099886043
3141108873
3193739667
3198803337
3199043291
3205878184
3248023873
3253890287
3280698495
3283418751
3370887315
3457633775
3462808529
3466242502
3523678058
3526213011
3527820773
3528245201
3528356253
3529910286
3530105204
3540345163
3540983955
3541250175
3558464434
3563497261
3563574522
3565537990
3595270588
3595521140
3613281601
3613364822
3615947421
3617532942
3655831474
3655955859
3656009343
3656350580
3663570395
3672568099
3696108650
3700381126
3700399036
3700567259
3712881709
3886172184
3898114461
3940227311
3940966219
3991469592
3993496252
3994116796
3994974560
4000873783
4000885119
4001039333
4001057427
4017496836
4017779644
4018009860
4018072897
4026351476
4032496398
4033990189
4040438409
4040749541
4042030872
4043589574
4055775768
4057966104
4063605928
4064448823
4064505317
4064576741
4064739834
4066907928
4067049302
4067262468
4067934560
4067976401
4068279054
4068357206
4073151584
4073278120
4077200357
4077556310
4077830301
4078000367
4081707288
4082277882
4084191891
4084343955
4084414212
4091536521
4091826180
4094999771
4095197454
4095702890
4095728787
4096540471
4096796184
4096806844
4106272106
4108369053
4128357759
4132076445
4173718573
4173781917
4174490321
4179895412
4182084612
4182256521
4183956320
4186057783
4186152585
4189473386
4192102281
4192149620
4192430678
4192841343
4192860758
4192894396
4192933779
4196982798
4197276082
4197298907
4200129355
4200355240
4206680150
4206691731
4206791049
4206844901
4207074195
4209038340
4209151574
4212277887
4215375876
4215447822
4215874031
4217316827
4217405731
4217544401
4217733513
4217940750
4218748563
4218929258
4218962589
4219184511
4219265919
4219349354
4219460806
4219467626
4221231691
4223455082
4223759886
4223953483
4224003803
4224056887
4224280529
4224565303
4224759054
4257019723
4319446235
4329379363
4342390388
4357520726
4357651347
4357748330
4358357170
4392662501
4436976316
4437453275
4437631543
4460183832
4464233373
4489435447
4489913051
4491985852
4510971826
4515925211
4515982135
4516050610
4516445454
4516550762
4516703779
4516851265
4517075552
4541217018
4541246816
4541289179
4541342847
4547231256
4549158629
4549226244
4551852282
4551895197
4552101021
4552322513
4552424964
4552436730
4554526765
4554539790
4554579757
4554785274
4554841307
4554884100
4554943912
4555027316
4555776700
4557117905
4557215932
4557583528
4557708865
4557767387
4559597469
4560533108
4560573444
4560657217
4560681763
4560849094
4560889276
4561001312
4561101244
4561161455
4561183420
4561490467
4561520541
4562065146
4566406772
4566576470
4566656372
4568788156
4569626505
4578318606
4578389262
4580762996
4582222381
4582910539
4583257460
4585655494
4586216165
4589756338
4598444476
4598656567
4598785437
4598817140
4598832132
4598947025
4599482996
4599775819
4620245784
4625000534
4625116317
4625296828
4625374580
4625456081
4625906927
4632099956
4633657706
4639712803
4686658984
4687126757
4687206598
4695634231
4697411199
4698338881
4715851309
4732723931
4760240203
4768900018
4768912337
4768922228
4840765219
4840929509
4843566944
4863697146
4876139360
4881391374
4881530843
4881858994
4903327666
4927819462
4929373464
4959535067
4959664521
4959700924
4964441788
4975582734
5016262250
5016336163
5016468351
5016657555
5016669352
5044897345
5046516259
5056722518
5056912613
5057678340
5057957124
5058141597
5095272554
5096848552
5099752360
5106800449
5145292916
5188479799
5234236133
5237155793
5239104239
5242839146
5251025135
5252498098
5253656058
5255691165
5256635928
5256713097
5259563421
5270605879
5270795268
5270921619
5271056603
5272191000
5272327766
5272905763
5273087932
5275883544
5276002738
5276129335
5277100548
5291116394
5291820251
5294305069
5296012087
5297081174
5298403025
5298508947
5298685956
5298896603
5301593450
5301689512
5313391405
5313439973
5314436653
5315510194
5316542386
5316638601
5318484320
5359878844
5360404740
5360563255
5360770400
5361550411
5361597782
5361747941
5361833803
5364121522
5364346054
5367751827
5372716210
5372748343
5383088695
5415320856
5416113586
5445692307
5445712490
5450234505
5451564282
5451717974
5451732627
5451787800
5451913291
5454686847
5481123219
5504695351
5553069490
5554676576
5563943479
5564197687
5564455090
5564797618
5565174307
5565292087
5565392818
5567584352
5568021713
5573826257
5573898387
5573983604
5608185594
5737663082
5737698072
5737713586
5738731923
5787808628
5787958296
5788038107
5788070394
5788281870
5788743499
5788890648
5791196123
5791706536
5791942588
5792228991
5795524847
5796169783
5820226830
5836081483
5837424378
5890029920
5891024326
5911103011
5911325423
5911383822
5911616127
5911959515
5912914784
5913141344
5913635444
5913823359
5915898863
5916187539
5916569112
5919053469
5919114633
5920300456
5922449105
5924708561
5925875491
5926767661
5927408634
5933330129
5933447725
5933540315
5937885229
5938066569
5938168191
5942081611
5942272260
5942370902
5942456119
5942733859
5947357341
5948147798
5953164312
5953333119
5978641791
5978730571
5978739050
5978852530
5983755196
6001851549
6007491526
6011245357
6032895799
6037497594
6039108243
6040701505
6041568086
6041609558
6042213636
6043378661
6051043516
6051687807
6058525341
6077725802
6081588873
6082811467
6087198959
6090880721
6105548722
6123400759
6123416826
6125384472
6127714031
6131585427
6132355670
6163778574
6189697130
6201478342
6307242203
6307284658
6307605897
6310027247
6315616813
6315752841
6316532637
6317460197
6317555521
6324801263
6342760759
6372844087
6395032037
6420486107
6422538295
6423398117
6423970615
6424048398
6424146671
6424685408
6424730013
6425922932
6431115933
6431388451
6431472992
6431538579
6431612215
6431696971
6431744956
6431763542
6432720500
6432920303
6433108095
6434746607
6435217391
6435290013
6436063144
6439764474
6463487256
6464254642
6474733234
6479927126
6483188238
6483649837
6483714840
6515005280
6515034802
6516136421
6517691191
6545998596
6551949889
6556342972
6558463205
6558662148
6558787915
6558798975
6559122272
6594294307
6594564335
6594584611
6594613487
6594773907
6594877372
6595374084
6597981382
6629156499
6629754833
6630167464
6630545227
6669523747
6669970047
6670012010
6670035910
6670078826
6670186592
6670390573
6671738935
6674903832
6675232843
6675338705
6676497801
6700356858
6709315363
6718907467
6720827467
6721066623
6721110460
6721202374
6721241450
6721473816
6721488808
6748503515
6755196358
6765066879
6770003675
6770675521
6795589748
6796364230
6796380881
6796530548
6798030667
6855453505
6860165923
6873105893
6875357270
6875508197
6878233768
6898493024
6903249248
6904464070
6904685316
6921446947
6923184285
6928473686
6929669892
6977459275
6977878634
6988490367
6988563634
6988644888
6988672444
6989966340
6990024462
7037035739
7043743850
7043785998
7073554845
7073569284
7074928152
7075062890
7075841089
7078310025
7078331222
7078618024
7091518980
7102807290
7103099068
7103839113
7104799451
7105210331
7107133249
7107944749
7109034664
7124523258
7124547680
7124614865
7124797679
7145361770
7145514080
7146485508
7147527284
7147613915
7147755964
7147830460
7148224198
7159357526
7163771590
7164351860
7175814875
7184377123
7190980602
7196303548
7196903295
7202171068
7214908164
7215060351
7215377473
7217648726
7218021605
7220076527
7225655341
7225715982
7225810231
7225851918
7226944137
7231703955
7240555831
7240855013
7241683562
7291926399
7293055881
7294815891
7295071789
7308305688
7308428230
7308444973
7308812292
7313780115
7317711108
7319459537
7319593476
7324716773
7324762699
7325826533
7326932361
7373129711
7387232987
7387526086
7388717684
7388808247
7388947531
7389185673
7389639653
7416301357
7416778991
7469286291
7478197426
7479762979
7482780727
7483422714
7518413101
7561329985
7563088890
7568295438
7568657903
7568720449
7569889038
7599035467
7600464316
7648967971
7650246752
7656594426
7656898707
7657852410
7663494844
7669964261
7670670729
7780639267
7780824907
7781024250
7818956261
7856922249
7858537384
7861456859
7890264846
7890437554
7891205677
7891490052
7891591489
7896365930
7896512035
7896723542
7896910534
7897097496
7897232787
7900769796
7900842141
7933351827
7933475844
7943267659
7946137061
7946183233
7951903604
7954189695
7954314848
7954540210
7955855947
7963018285
7964224751
7965376045
8001570410
8001650190
8001742903
8004835946
8049344311
8077877108
8078013997
8083092013
8083264874
8084786129
8090202587
8116998844
8121056772
8121440219
8121751843
8122211383
8123064355
8128156379
8156813469
8158206283
8203233079
8206718724
8235681294
8235773331
8237758888
8271719725
8302243516
8302554863
8330057066
8345420660
8360506484
8362425809
8362572220
8379951937
8380335599
8383423789
8383514413
8383654772
8384645093
8385822007
8385964763
8390806511
8391032795
8393376577
8393503727
8398510534
8403403524
8403420573
8417828284
8417979027
8418707429
8418831476
8425506902
8432263827
8432326803
8432885600
8433817829
8434663182
8435153166
8463075188
8494565400
8494637592
8495032467
8495648372
8514286504
8514598465
8519852261
8534633373
8568113166
8568463159
8570835081
8627364059
8654610211
8668361496
8668395350
8668472518
8668482871
8668618193
8669593583
8678097586
8700452008
8706058438
8763260829
8770805139
8774896521
8798426259
8800933533
8811015438
8811178070
8865489832
8869679886
8876071643
8879619434
8885119697
8891311159
8891448508
8891538211
8891559254
8891730057
8891913916
8891995662
8892061956
8892261943
8892827744
8893505642
8893606834
8895283777
8897650815
8899401117
8903481163
8903707785
8906384879
8950360959
8950532868
8950719738
8954694015
8955310627
8955520536
8955647533
8956303773
8957161537
8963392291
9035914746
9043471098
9044724504
9061962787
9068430514
9068605034
9068678332
9068763334
9068875186
9069041197
9069488971
9083813984
9083948384
9093119103
9107513020
9142032992
9175019729
9191163887
9218672234
9229142132
9237255776
9237413492
9268447328
9268513345
9281630908
9345595017
9352138254
9352425455
9352774680
9366850154
9386685659
9398148888
9416662696
9467850510
9468029300
9501097076
9504905066
9512549431
9568822634
9582297102
9605616193
9644896168
9769872654
9779561189
9784713117
9797727768
9798091985
9798519546
9798657693
9799177629
9820308811
9820862847
9820916330
9821027352
9821195913
9821922195
9822903546
9823309541
9825658239
9830235764
9831471292
9833284632
9833390217
9833753512
9835576529
9842294900
9849890298
9969906763
10036200708
10042677805
10054121251
10056927738
10057425924
10481049256
10538498789
10720403613
10744336982
10783843147
10845043808
10851878271
10891709116
10891765948
11059184726
11318750539
11346162518
11351950074
11706484555
11962681768
