1269050321
1350352398
1365344895
1375013738
1481196619
1693721942
1948866932
1963417123
1981246550
2033685221
2035016718
2081913839
2119694432
2121415182
2213344905
2234547941
2234737914
2235534790
2235761412
2256263264
2256271190
2256277426
2266866610
2298628049
2355907977
2358788899
2361792823
2369118283
2371392301
2378275485
2383278483
2384218577
2386669664
2389112918
2389119799
2389843501
2394371567
2401707104
2511265130
2665264490
2767725920
2836599761
2836617025
2836688019
2836712073
2836847886
2836887023
2836907145
2985805541
3093362559
3150521850
3151391502
3177633140
3198859432
3267213920
3312619401
3317970426
3317977798
3318223190
3371116241
3371130802
3518013843
3528414621
3547712311
3558350770
3563511976
3655191085
3705275898
3705491122
3705760075
3705782071
3705915242
3706017847
3727641778
3727863023
3727880380
3728486240
3768615960
3768759453
3768863103
3768941961
3769043337
3769130797
3773415469
3794937041
3826939263
3840171534
3846537394
3910482456
3942633363
3942678859
3945489555
3945511274
3945519814
3951802423
3951842328
3951857135
3979444033
3994031425
4003804993
4003840291
4004905107
4080886972
4081152454
4081321353
4095077800
4125325910
4326319036
4392257151
4451754019
4463787350
4469735080
4506768623
4583898433
4583905652
4585027793
4585039589
4585096114
4585184372
4585686460
4585695584
4682306574
4696728969
4696738799
4697542250
4788452223
4843847817
4879859828
4923015469
5054647812
5091780704
5094317930
5095099816
5100611813
5100616267
5100945678
5100958550
5101780525
5139768109
5188552267
5190874638
5255363199
5255398435
5255406790
5255413119
5266972471
5276040278
5302600022
5303074799
5367775758
5368200554
5384730095
5410301300
5410613477
5410861234
5411168465
5411561896
5411574675
5411667818
5411794047
5411802525
5413599738
5413915293
5414431850
5414539954
5414585051
5414594144
5414721294
5414773303
5414906474
5414969604
5415014670
5415073315
5415184582
5415192877
5415207284
5419761524
5425125943
5441002469
5442619447
5442724417
5442823581
5442895098
5442910089
5442921763
5443013462
5443064150
5443101290
5443374330
5443590168
5443600459
5483259642
5486911082
5487125754
5497190209
5498424570
5498500325
5498522106
5498527082
5499127075
5500007110
5500116166
5500120590
5501151584
5506394935
5506679371
5509786699
5510045208
5510379473
5510715242
5512322851
5512347273
5512811821
5513034141
5515066116
5584994482
5585066397
5590496649
5744556374
5779771386
5788060256
5789586610
5791095300
5791101106
5791186292
5791336728
5791406309
5791419242
5791569064
5791575883
5791709085
5800927420
5814400475
5814784751
5815021603
5815437244
5819749349
5820409798
5820683421
5840966670
5841513609
5841655013
5841726867
5841897855
5851907444
5930119704
5939023927
5939135226
5939143090
5939168127
5939179462
5939187910
5939200198
5939207264
5939307872
5939319976
5939976001
5940014033
5942323255
5942487208
5942785806
5943328536
5943649038
5944045756
5944149805
5944417437
5944468893
5947354239
5947960744
5976989239
5980054204
5985585801
5989980696
6011510040
6097084010
6099949172
6100950829
6130406301
6258762787
6359942731
6360012435
6360021252
6393010692
6393067186
6428576280
6428636983
6428669608
6428770093
6428789446
6428987222
6429063162
6429162449
6430001750
6431237769
6431652612
6432823627
6433745965
6434299662
6434366724
6435040567
6435222890
6435235455
6435681325
6436188973
6436823249
6436960966
6438833350
6438975246
6439083534
6439090968
6439253477
6439355130
6439418996
6439582857
6439777837
6439836358
6460093956
6515113814
6515325843
6515467247
6519299936
6587704744
6671812817
6795690664
6837539690
6853770694
6854444384
6872695689
6877760250
6901193312
7125337307
7128060174
7196997390
7251582652
7293228159
7293690280
7294587549
7294596643
7294648498
7294734944
7294865412
7294872385
7295096119
7295417235
7295550836
7295562571
7295882674
7296250577
7296256721
7296538362
7296557684
7296572799
7296656388
7297143331
7297238931
7321830445
7322101733
7322798217
7322867306
7322900299
7323203875
7327862132
7328417581
7328572287
7355390632
7355471794
7384515158
7703961225
7704050067
7704056733
7704257949
7704312201
7704320035
7704695525
7704701761
7705869766
7705997746
7706206795
7706213861
7706558632
7706656997
7706670821
7706684276
7707248879
7707730569
7710997272
7711215784
7711302383
7711416232
7711430240
7711502002
7711652745
7712622483
7712718115
7712790122
7712925475
7713103773
7938801371
7942572005
7942585399
7942952196
8089927121
8125680992
8127411695
8127964963
8235839901
8240529094
8240545376
8241035360
8373285206
8373363327
8373371283
8373641619
8373653999
8395058866
8397933582
8397974563
8398395611
8398478217
8398520795
8398528137
8398703886
8398718785
8399136915
8418744754
8425444049
8431073181
8431705491
8503779127
8503867846
8504156430
8514089865
8514106331
8514110939
8514372550
8515995396
8516065683
8516070168
8516216979
8516223615
8516306866
8516580643
8516892174
8516898717
8517027803
8557839876
8600942248
8667276343
8677669042
8771834505
8771874072
8771885961
8771902826
8771909001
8772039315
8774459283
8774739634
8774757083
8775188299
8775195857
8775879653
8834768388
8843797702
8844644161
8867104628
8867495971
8867837669
8867846916
8868033939
8868174483
8868277149
8868289837
8868297670
8868353304
8868397449
8868410996
8868462053
8868481253
8868523124
8868840831
8868997195
8869006934
8869241235
8869327773
8888383850
8889755160
8889812730
8890112649
8890126534
8891351986
8891591018
8892769929
8892935848
8893129875
8893226551
8893244031
8896493838
8896775080
8896886808
8896981825
8896996663
8897252960
8897267798
8897767151
8897962254
8899046240
8902221521
8904588957
8905000974
8905038452
8905773951
8905964814
8970508855
9020335712
9020344160
9025321384
9025410533
9028325738
9030306932
9044922495
9045114495
9047162075
9047766276
9047794938
9049367740
9059544109
9059952255
9059980210
9060056088
9060063062
9060106100
9069157595
9074637428
9079218856
9081374632
9081631082
9081709848
9120366115
9128304500
9128383697
9135485884
9141839425
9142210891
9146024534
9163049865
9194261139
9220201875
9222192378
9237192892
9237457422
9238483009
9238501902
9259630074
9282453805
9312342921
9395089330
9395106072
9401186789
9504032188
9511494322
9588926877
9751541108
9770648180
9772698771
9798342475
9804331862
9804852965
9835635050
10020813981
10033313519
10033370198
10055701487
10055711932
10080201117
10080213897
10135029590
10208410300
10216415932
10216974852
10217002684
10217908340
10239111131
10258111850
10268026239
10300775479
10336407423
10346203355
10507904526
10514380609
10514465396
10537023400
10537452005
10582368301
10606850666
10827942752
10911895044
10939042676
10971561855
10988713507
11020260028
11081360849
11122683703
11175514669
11178721315
11193995913
11197928534
11246132177
11251784810
11345894240
11404777199
11449021219
11549934145
11550036166
11556992741
11562502435
11572615274
11574980315
11585325367
11617239976
11623810738
11623925416
11624547588
11626718079
11631358519
11634416910
11634423914
11654189439
11664017565
11675516799
11677722034
11679394922
11681122031
11681189861
11699943100
11704333879
11712258840
11712288116
11721515821
11827030849
11836315447
11859854033
11865382557
11868750022
11899042339
11951115350
11990038880
12022882277
