1479562438
1532545622
1538261170
1695244363
1720960997
1746339834
1767991228
1768414918
1901193670
1942010474
1944458182
2134722779
2199662555
2241269876
2263187060
2264770738
2285427972
2291165178
2295364540
2299081230
2299102642
2319861897
2319867549
2378633988
2389987363
2390011754
2390149810
2390157582
2391163447
2391801317
2394630045
2396886859
2403667071
2403674597
2415032518
2415047080
2499714226
2527131427
2727798184
2757835124
2766833197
2854282408
3023218200
3026406230
3089637298
3123099857
3123106031
3195683414
3197250164
3199802935
3319728285
3319912390
3320867721
3321095141
3365542711
3379186845
3379199410
3379211636
3379404835
3379749329
3379957856
3380071643
3380699744
3381079197
3381118120
3566676228
3566741815
3566871761
3566966040
3567194966
3601606865
3616493131
3635944083
3636010899
3645037295
3645153816
3645167517
3661667168
3661838862
3711803437
3712143845
3712292284
3712827058
3717781672
3717880621
3717974778
3718024237
3718099470
3718314971
3718418712
3718547275
3719308701
3875104598
3888462821
3922485037
3950358798
3968068970
3975094880
3983109574
3986173403
3986183110
3986197119
3986527912
3986535407
3988257755
3998664646
3998707869
3999877595
4014265307
4061907910
4109535953
4176419752
4256557510
4256571703
4256694706
4256743551
4256786344
4256802564
4261157800
4397541267
4415723944
4438289995
4519287115
4549768943
4619286214
4619297857
4619311098
4681634359
4702207113
4709794584
4710119510
4736067127
4736171544
4736247392
4736965933
4737988202
4742658287
4743563790
4760120088
4780296923
4780405856
4780410894
5279475634
5281320831
5302880557
5369012054
5455784718
5512281901
5568846637
5584928465
5585019703
5614708156
5617346513
5669971163
5670404438
5670695571
5696421329
5702989664
5745972750
5781462614
5782455238
5783893549
5784043124
5784132643
5784141213
5784222990
5784228612
5784259915
5784344764
5784375392
5784385714
5784612305
5784689873
5784746059
5784840616
5785004875
5800534696
5800655364
5800862447
5815467473
5815506886
5816309692
5816444983
5816565528
5816642328
5816693938
5816722077
5816844681
5817222721
5817270153
5820684374
5821144897
5822488928
5838809481
5843038550
5876103069
5927443071
5927755647
6002417443
6047454191
6088062130
6088317597
6127588970
6127594531
6129475117
6130034036
6130338963
6238531086
6254336004
6297703151
6298597103
6298777798
6299166560
6299224314
6313614790
6317591095
6317739595
6317747214
6331545409
6334283268
6334692612
6428215750
6681519968
6886570162
6898837057
6902668916
7251573498
7360959123
7409431259
7409437864
7545847443
7585239791
7624701935
7947636811
8386866518
8386950230
8387325997
8393609496
8394347575
8394430089
8517205272
8517216516
8588072442
8588127154
8613783054
8778596837
8856313061
8856347713
8857847218
8858249496
8858680959
8858819782
8858935136
8859639730
8957448093
9231220617
9231254716
9231425704
9231686578
9232143784
9237727512
9261927469
9276012773
9289940975
9411790012
9560136984
9702432362
9702437431
9783284668
9900821539
9988110115
9988116689
9995864058
9998198071
9998206181
9998290170
10021571752
10021586221
10022376401
10022557188
10023594664
10024710813
10030822496
10031637743
10031644594
10032963342
10033015105
10036144890
10036157178
10045209256
10261995411
10278355378
10278554198
10279778390
10339287023
10345391057
10345399382
10346173833
10346209038
10346214721
10357324302
10357342488
10357352104
10357361780
10376871499
10703088040
10703099560
10770297809
10770584518
10981783105
10992732727
11017256872
11017426108
11024603775
11024609611
11024616216
11027893518
11061254670
11074458771
11074472564
11076705386
11079587229
11084477331
11123184040
11124193530
11124225816
11127851882
11127860392
11128435132
11128450123
11128457527
11128985819
11132913033
11156312826
11165306843
11178689734
11178694711
11182939293
11190101600
11203846189
11203851073
11203929962
11204122054
11204866799
11227671484
11227698794
11228667611
11228793532
11291415453
11332030181
11334203621
11513927602
11519137315
11545781846
11549743435
11569164835
11576361332
11576372791
11585419585
11586678614
11593915846
11593925738
11597202886
11614492317
11614559256
11622379432
11622391474
11629057806
11629067575
11629922328
11629936337
11634415159
11639471179
11639477876
11648178395
11650949923
11654108061
11663059286
11664577837
11677719853
11678775791
11683222051
11691714318
11700604993
11705283557
11714577002
11718889906
11718903883
11721522518
11722140973
11722149236
11723302496
11797364453
11797371857
11804823668
11804830365
11804883849
11804894079
11826607251
11843035908
11845071354
11845079740
11859503026
11916948750
11917002633
11925207054
11925214089
11948177934
11960367016
11960372207
11978743627
11988268855
11988324581
11988341047
11994485323
