1260525490
1260685633
1261714968
1278738917
1292363851
1303552936
1304168319
1304230987
1306408114
1307738382
1307769501
1307781789
1360184058
1367318532
1367731255
1367923255
1370091227
1370568523
1370713307
1370912219
1371383156
1371417594
1371458912
1371670757
1371797938
1371927453
1372031686
1372090915
1372726235
1410223220
1410600308
1410700425
1416470378
1416643393
1416661610
1416745537
1416780650
1416883869
1425759430
1429268146
1460870117
1508488790
1515185258
1517617791
1572393763
1596724986
1602759008
1614600708
1614889875
1614909198
1615057483
1615195846
1615370090
1617076709
1621248669
1631406084
1656052771
1665320134
1700530231
1700541874
1702849683
1724794515
1724813469
1724823699
1725104726
1726012471
1726251411
1726421231
1726485375
1726556952
1726660387
1726788366
1727589544
1727656114
1727755339
1727978674
1728085887
1728653531
1728791126
1730366877
1761301733
1761799090
1762283053
1762716543
1766712815
1766809614
1769253943
1769266876
1769373290
1773982826
1792674625
1798945376
1814094053
1814154418
1832749695
1836447062
1845776971
1849027977
1851604463
1855831566
1859231441
1862407028
1862451142
1862555283
1862607999
1863010799
1864704915
1864808011
1868694337
1868715964
1896089051
1901712838
1917051211
1926246475
1928227178
1928285393
1928387260
1935037618
1944658600
1944774107
1944871858
1945193097
1945336682
1952971462
1953313990
1953574527
1953637933
1954097227
1954328703
2019427270
2021594751
2025415827
2034465386
2034835439
2035329325
2035440347
2035573672
2036108476
2036298633
2036353161
2036367292
2036539662
2036665583
2036900161
2037081686
2038339055
2040411150
2042158104
2042759786
2042802241
2087160385
2090880608
2101685446
2101691713
2107415587
2110541377
2119792705
2136191809
2150349367
2156801489
2199403555
2220412256
2225044095
2225321066
2225330344
2232156604
2235480477
2241125953
2241133203
2241300043
2243242807
2243378835
2243408296
2243450597
2243461963
2243595503
2249587101
2249605042
2249684852
2255937140
2256200841
2256319021
2257593256
2261854888
2264641161
2264649824
2265032042
2289072040
2290273867
2291771590
2292017719
2292316594
2293153714
2296511901
2299247087
2300156276
2300162758
2300328462
2300385816
2300393466
2300407013
2300412420
2300424554
2303442825
2317590245
2318281906
2319232874
2349429283
2353289773
2353298620
2355913752
2359100553
2359121350
2360264626
2360768833
2364716906
2368865120
2373744408
2379135830
2379222307
2382348773
2384826065
2384905906
2385371959
2385472475
2385504669
2385786863
2390541029
2390607476
2394288439
2398641371
2401540171
2405374488
2409081501
2409110194
2435000826
2510676074
2510729773
2510762858
2510856554
2510868228
2511049967
2511088122
2511245654
2513227677
2513236617
2515407139
2515429318
2515647000
2515705829
2516845203
2516855771
2516882743
2516978098
2517583435
2517680695
2517988509
2518447343
2527059818
2559298922
2560345614
2560529873
2560710660
2582622714
2596736495
2604615930
2605893820
2607502012
2607613956
2607693582
2607702399
2607816155
2608097796
2608782145
2608851050
2609098070
2610018441
2619094388
2634634807
2636516161
2636799246
2638619836
2641103855
2641403345
2650091268
2651048718
2651503896
2651641614
2652188000
2652988993
2653951021
2654623482
2655054575
2655185381
2655197055
2661308860
2662146410
2663128283
2667873417
2669494235
2669653334
2670234587
2674342496
2674850851
2675163734
2675591786
2675611969
2675872628
2679798307
2680695668
2686414596
2687447279
2689019130
2689063735
2694352214
2694464710
2704423182
2708071950
2710526417
2715464073
2718846898
2721242259
2726058787
2743303919
2747015387
2774804054
2776597119
2776715268
2788588210
2793034469
2794498062
2799279169
2799842820
2799916302
2800062406
2808722344
2813432795
2813482991
2813605564
2814694373
2817065281
2817385046
2817469894
2817605400
2817614493
2818271533
2818363969
2819021285
2819785322
2822579767
2825212747
2825438324
2825572786
2825630079
2827166785
2843740717
2851119507
2853899268
2854106812
2854222411
2865233105
2865256083
2875719008
2903455482
2904324243
2907273640
2971561261
2971660241
2971716151
2971743062
2972366708
2972460619
2972719773
2975141308
2978730602
3025719607
3090225187
3090374609
3100159113
3128131854
3128599320
3130664841
3131095566
3131113107
3131148067
3131194454
3131371186
3131605180
3131680137
3131748581
3132400736
3132461562
3132708120
3133309372
3133457350
3133570154
3133654819
3133802428
3134269556
3134376401
3134483706
3134587969
3135496759
3138346899
3139019022
3139401732
3139510020
3139884404
3140080644
3140231571
3140906551
3146434062
3146795974
3148021149
3148151402
3148221966
3181519435
3181799418
3193213219
3193391517
3193398890
3196641786
3196899096
3196925792
3202567336
3203584567
3203626746
3206002815
3207021859
3207100410
3219083299
3234387081
3240469364
3240887433
3243676471
3244920355
3245108576
3247191699
3251017752
3251332479
3251353522
3251363014
3251374319
3251526291
3251594121
3253638875
3253821628
3254859380
3255127597
3255221477
3255307585
3255370008
3255377074
3260467654
3276398002
3291657824
3292154136
3296791412
3323200843
3347588008
3353183625
3374217486
3376391755
3376796061
3376911845
3376983054
3377015433
3377032390
3377217294
3377973067
3379203127
3379352303
3379622609
3463529404
3489887103
3522916171
3525753655
3534152810
3537847873
3537929312
3538124107
3538267693
3538557505
3538693288
3538861418
3539043772
3541654051
3541957134
3548370579
3564990099
3565023645
3565056731
3565070985
3565106927
3565124591
3565134606
3565152362
3565165111
3565220653
3565282615
3565297023
3565369307
3565446568
3565567881
3565652914
3565714292
3565724952
3565736872
3565758990
3565772292
3565786239
3566069723
3566116663
3566141116
3566157705
3588008964
3588023802
3588086225
3588376651
3588436893
3588450840
3588511912
3589876801
3592139206
3596787419
3605803985
3605901951
3609282257
3609368027
3609440311
3609502642
3609612896
3609714333
3609775866
3609820256
3609874507
3609957298
3610077905
3610175471
3610197713
3610209355
3610554095
3610818472
3611065399
3611559223
3612192823
3612296011
3613394159
3613500850
3613728516
3613783996
3614226763
3614237423
3614893725
3615097798
3616771915
3616786600
3616845613
3616884719
3616891908
3616963977
3617019519
3617036568
3617112293
3617152843
3619049466
3619059572
3619145926
3619223218
3622078703
3622182015
3631137970
3631401425
3631407231
3631583963
3631768129
3631799955
3635393059
3635765446
3644543164
3645713412
3647444177
3650682894
3652507416
3652544680
3652570976
3652641509
3652678557
3652802605
3652841527
3652851818
3654824257
3655401302
3655573211
3655869905
3655937734
3656132069
3656349229
3656513581
3656618397
3656711571
3657169146
3659461902
3659545860
3662475565
3662570029
3662994026
3663629162
3670605736
3673835083
3673947365
3674005641
3674089937
3681114495
3681247850
3682250981
3690349971
3694027739
3694108072
3694673166
3694745972
3695036307
3695101925
3695275647
3696272541
3696999837
3697091782
3697103947
3697173958
3697286240
3697384667
3697418213
3697447919
3697582381
3697753983
3701729458
3705148102
3708786641
3708923160
3710463215
3712922628
3713013129
3713169985
3713212348
3713230811
3713273297
3713305829
3713356978
3713528119
3718521163
3726895681
3727068881
3727386341
3727523813
3727589492
3727632562
3727697043
3727749021
3728035178
3728082794
3728090321
3728420161
3728507068
3728787880
3730194180
3730628438
3731629848
3732158539
3732232544
3732299237
3732420212
3732641181
3732754262
3733000360
3733134760
3734063825
3735534760
3735687837
3736268783
3737088454
3742014867
3744227567
3744601737
3745475690
3745897322
3745956827
3746079953
3746140840
3746202495
3746797910
3747849701
3750225156
3750383579
3750390644
3750947076
3750963235
3750974048
3751220914
3751227672
3753777832
3761431750
3762872211
3768632703
3768768485
3770576296
3770873942
3771607412
3772155703
3772301131
3773364228
3800102025
3840959441
3842728114
3844906008
3845070084
3849666349
3863590250
3881432580
3895123378
3897456808
3901169750
3902524594
3915252504
3917190260
3930543108
3932803793
3944213446
3946047123
3954589403
3956384065
3960301142
3967915677
3968081750
3968446703
3969297187
3969303484
3969435826
3969698574
3970830299
3982457481
3983122661
3986041399
3986803992
3986821595
3994139345
3994271871
3995200936
3998684399
4000196929
4000249860
4000310102
4000410618
4004908579
4004923877
4005042333
4005051242
4020797423
4066683519
4077243519
4080000331
4080100509
4088620271
4088853344
4088925720
4109538410
4110286350
4111112257
4119108735
4126134061
4126605797
4126683457
4127139956
4127244742
4127327932
4127469766
4127532220
4127610065
4127709597
4127824152
4128305688
4128750821
4130129350
4130695059
4131959986
4132285526
4132453779
4141600413
4141693126
4141907890
4149443260
4152106776
4152263479
4153729775
4159363516
4159571060
4167333912
4168368193
4168901062
4168972579
4172437426
4173674305
4174695960
4184254027
4184947962
4185014317
4186506234
4188426633
4208862898
4210176086
4210267140
4210412906
4210680201
4210990995
4211270639
4211573201
4211637835
4211727845
4211778656
4211819176
4211975141
4212052494
4212141152
4214116018
4214252875
4214310721
4214333700
4214362454
4214380210
4214401591
4214453846
4214491754
4214519955
4214604988
4214641483
4214909761
4219427936
4222374936
4222920462
4224228735
4224305289
4231804655
4249709193
4249793949
4250347462
4251376828
4251502104
4252010551
4257123649
4292002584
4301013559
4301120004
4301194469
4301432764
4301482100
4301936879
4302809481
4303238056
4303417276
4306577350
4309347649
4314232436
4316862468
4317997756
4329484548
4329498280
4398809481
4399013830
4399044427
4399127617
4399147401
4399406063
4399686506
4399742447
4406447548
4416832966
4416953788
4417134145
4421121663
4439729535
4440180934
4442068832
4442086895
4447847080
4472160393
4484285178
4484511307
4494359832
4494782478
4502769678
4503131222
4510039843
4510309810
4515440695
4516454977
4519326468
4519399581
4519543197
4519673942
4520265363
4520315498
4520325390
4522142908
4522198573
4535112370
4539530305
4543874328
4545646565
4555087712
4561541492
4562601824
4562609658
4564031656
4567522369
4570576582
4571187357
4572374808
4572589480
4572783323
4572795089
4588303220
4595535722
4599558107
4599565142
4599629623
4599663999
4599719786
4599777325
4599917777
4599962812
4600002564
4600028584
4600061515
4600149958
4600243132
4602461853
4613265156
4615351812
4622132914
4623517526
4623839594
4625605687
4625903610
4637126947
4639257409
4639320293
4639460899
4639678550
4639755995
4639814209
4639833440
4639987808
4640003721
4640059693
4640106694
4640116494
4640139165
4640218208
4640266531
4640350980
4640368152
4640417704
4640481724
4640495671
4640564699
4640648288
4640730218
4641014378
4641225824
4642225699
4642559563
4642921199
4660816552
4662824503
4664693539
4665032534
4669439563
4671418116
4674302324
4674367666
4674373902
4674416449
4674609617
4674740883
4674802907
4674949656
4674992111
4675018315
4675043383
4675134406
4675239100
4675251019
4675303366
4675326191
4675390027
4675468210
4675475368
4675565101
4675638368
4675700975
4675780939
4675846066
4675959914
4675977087
4676047743
4676062918
4676072134
4676142821
4676156891
4676264349
4676292827
4676341672
4676680636
4676739895
4676844742
4676915460
4676964458
4676996499
4677017972
4677079167
4677098705
4677112713
4677131237
4677145338
4677167671
4677193568
4677217929
4677250523
4677297125
4677356107
4677427962
4677442246
4677502580
4677614831
4677787601
4677973211
4677997879
4678006726
4678059473
4678143584
4678217343
4678320531
4678335369
4678366734
4678383599
4678421201
4678469370
4678518122
4678529427
4678545064
4678569578
4678590314
4678651969
4678663674
4678757615
4678835306
4678846365
4678896439
4681676292
4681723723
4681788604
4681946075
4682016977
4682031968
4682066467
4682817571
4682828476
4697239382
4697436297
4697683071
4701991674
4711521478
4711864682
4722969256
4723023169
4723056808
4723152070
4723226720
4723230898
4723332858
4723625926
4723783182
4724439515
4724448116
4724603775
4724640239
4724647950
4724754456
4724762904
4724819091
4724881606
4724967991
4725024516
4725051979
4725216639
4725365170
4725457606
4725520521
4730452218
4747931252
4754368966
4760956410
4762701091
4763287412
4767944288
4768366688
4768499982
4768980596
4769112907
4769226787
4769430307
4769558839
4769661475
4782658646
4787683240
4791660067
4791777294
4791790196
4791851759
4791871512
4791882541
4791981951
4792098195
4792166977
4792266049
4792492210
4792529873
4792701167
4792781408
4792804571
4792832864
4794459672
4794794059
4799057811
4799145547
4799390079
4799489611
4799636515
4799656114
4799661766
4799703791
4799709137
4799757981
4799763204
4799770423
4799808086
4799829436
4799855149
4799872260
4799995416
4800732788
4801865773
4801903005
4802031046
4802799876
4804093249
4805762482
4818489071
4819782906
4820188901
4821182017
4834815799
4835054862
4841746784
4842412640
4842469656
4842478258
4842556133
4844235411
4847242131
4848952068
4865541912
4865826810
4866549620
4867595083
4867808956
4867932451
4870666131
4870787383
4882520549
4882843140
4882871064
4882942120
4883540637
4887434827
4892965349
4894621894
4894631295
4894685946
4894798043
4895025494
4895044141
4895060883
4895282497
4895371370
4895385931
4897594945
4897734998
4898226180
4898381500
4898809153
4902175758
4905728710
4905823574
4906037108
4914034753
4915023139
4915180087
4915262908
4915384375
4915476658
4915490328
4915558527
4915652837
4916037451
4916122454
4917541042
4926227613
4926316456
4926474664
4926741866
4927001020
4929911771
4934382115
4938010116
4938197692
4938314336
4938316947
4938356269
4938373073
4939881824
4939971557
4942626318
4950127128
4950217906
4950477613
4950546426
4951812274
4952024365
4952057635
4952918900
4960918388
4961192319
4964334299
4964543809
4968817207
4976134127
4976150685
4976269326
4976321796
4976327110
4976337770
4976425568
4976694675
4977324282
4977370699
4977408116
4979695804
4984376672
4985848897
4998546211
4998691455
4999117418
4999426369
4999554932
4999608907
4999623745
4999797897
4999897768
5012027959
5012067281
5012117969
5016595900
5018270539
5018338431
5024591425
5030144280
5034012911
5041083181
5051283173
5059018070
5059141656
5060364220
5063890692
5077217581
5078787465
5081207279
5081834827
5081909754
5082000070
5082005078
5082065074
5082075211
5082082799
5082108389
5082141597
5082160828
5082185373
5082197323
5082209765
5082253050
5082290866
5082404683
5082430027
5082546671
5082695172
5092606642
5092907944
5092976111
5093222762
5093236064
5093341556
5093715910
5094063200
5094166327
5094176618
5094278486
5103106339
5106725124
5106803982
5106931777
5113936429
5114740310
5117476632
5117527320
5117558102
5117567379
5117613428
5127966099
5128026003
5129804138
5130120554
5148807346
5149276625
5150198255
5150400393
5150603360
5150700097
5151051135
5158026141
5158091851
5171648403
5171980701
5178233665
5178903115
5179528636
5180322871
5180700850
5182742010
5187214719
5187596415
5188303528
5188558104
5188677943
5188811083
5190352705
5190359924
5190860230
5192241955
5197410810
5197419903
5197604407
5197777975
5197866725
5197875388
5198598783
5198607722
5201480134
5201603199
5202144209
5202426618
5202471776
5207355242
5208043770
5208103182
5208150337
5221296163
5221431730
5221928564
5222018758
5222987268
5224854522
5224884934
5225038442
5225152291
5225194408
5225893963
5228695382
5229722689
5229740753
5229841791
5229909651
5229962244
5229997326
5230545739
5231030194
5231042420
5231122538
5231263082
5231334752
5231356686
5231367653
5231399356
5231457509
5231540361
5231576150
5231649540
5231696910
5231710918
5231768058
5231793985
5231835949
5231911950
5231953975
5232087546
5233329647
5233405618
5233458241
5233527146
5233538973
5233626648
5233641855
5233686337
5233708855
5233763752
5233772753
5233883222
5233903958
5233974122
5233990588
5234015932
5234064808
5234136078
5234180653
5234194139
5234209990
5234258927
5235741905
5236302667
5242734452
5242865289
5248613523
5248705499
5248817842
5249070883
5251281955
5251308128
5252268619
5254342250
5261952547
5262589526
5262622550
5263512447
5263617693
5268735738
5269074272
5276368613
5276685951
5277105586
5277452415
5277490108
5277610100
5277639499
5277650251
5277663891
5278500366
5278585675
5278599069
5278908819
5278918742
5279006939
5279071267
5279363537
5279497291
5279545491
5279555045
5279976984
5280844148
5281328664
5281346205
5282997774
5283166273
5285291022
5286398662
5291319392
5291526107
5291666159
5294351057
5294407551
5294490280
5294543395
5294679730
5294892282
5294952831
5295148732
5295187654
5295528063
5295655643
5297444161
5298129002
5298421549
5298757779
5302942826
5303114305
5303178479
5303931703
5304500545
5306403281
5306520416
5306547327
5306586525
5306647197
5306658717
5306688055
5306701357
5306772412
5306849704
5306941987
5307037987
5307110332
5307257450
5307284422
5307324850
5307357444
5307372159
5307439435
5307457069
5307469633
5308448157
5308658958
5308711489
5308749674
5310451624
5318674876
5318946257
5319061364
5319129686
5319192815
5319288938
5319318307
5319332929
5319406749
5319609532
5319632849
5322752311
5323238179
5326448695
5326740904
5326851158
5326991794
5327116947
5329216260
5329775671
5329803135
5330206058
5331023241
5331043639
5331050766
5331087108
5331107598
5331117244
5331302824
5333942563
5334002743
5334012942
5340214296
5349618211
5350205270
5350443933
5353825806
5358276858
5359029344
5359328833
5359511433
5359743461
5359947473
5360120795
5360188287
5361613387
5361634400
5361651112
5361765114
5362216360
5362420525
5362471213
5362504390
5362629544
5362777491
5362789626
5362872447
5363775645
5363885869
5364076855
5364277088
5364320250
5364512741
5364726337
5366037498
5366446381
5366564131
5367237544
5367272841
5367295973
5367329366
5367366015
5367383709
5367399807
5367768477
5367783868
5367858118
5372743274
5372951095
5373053976
5375056214
5381524648
5381623781
5381634595
5381727492
5381798701
5381943638
5382009809
5382149462
5382656372
5382680088
5382755690
5382845362
5383075578
5383127218
5383140489
5392876732
5392940230
5392992792
5402439469
5407722387
5407931406
5408419424
5410721519
5410877454
5411073140
5412184590
5412290574
5413241880
5414151930
5414231126
5418840232
5423056920
5440229001
5440442812
5440497309
5440540010
5440573771
5440898144
5441086765
5441898356
5441997459
5442004832
5442126176
5442183377
5442361092
5442709180
5442722328
5442812584
5442911717
5442967812
5442978902
5442990667
5443009437
5443023538
5443109247
5443233908
5443353747
5443375835
5443511095
5443532107
5443628722
5443642300
5443734675
5443762845
5443778390
5443855958
5443871932
5443918227
5444015057
5444306436
5445169545
5445230155
5445391251
5447031423
5447332571
5447460704
5447545891
5447616731
5447745386
5447826856
5447831494
5447962085
5449641210
5449757546
5451247804
5451462291
5452111435
5456237592
5457799121
5458346275
5459125610
5460811616
5460932069
5461002664
5461056608
5461095530
5461153345
5461194234
5461259974
5461356005
5461408751
5462129903
5472884730
5480138674
5480269848
5480304132
5480391131
5480410638
5480477024
5480547373
5480651237
5480850088
5480963322
5481421910
5482830944
5483337763
5483451764
5483561035
5484069789
5484401688
5485581183
5485655771
5485735889
5485827158
5485935784
5485983830
5496207999
5496964663
5497077651
5497173283
5497483462
5498412497
5498576910
5499925579
5499987511
5504888856
5505217192
5505683398
5505719034
5506056646
5506225975
5506283851
5506291900
5506384060
5506407100
5506496772
5506631817
5506680324
5506777829
5506953148
5507060730
5507274111
5507418126
5507472654
5507483375
5507570006
5507641153
5507837024
5507985156
5508113289
5508635437
5509213526
5509440792
5509948717
5510077126
5510181728
5510293057
5510380671
5510465396
5510527420
5510958975
5511168362
5511319781
5512302115
5512485451
5512708878
5512885272
5512936022
5513119912
5513185038
5513229336
5513332525
5513385670
5513419309
5513476847
5513500532
5513547012
5513626085
5519033911
5519229843
5520226308
5521344086
5524117948
5525385087
5525582616
5525704483
5528364619
5528380225
5529744593
5543885930
5543950934
5543993297
5544015907
5544106070
5544330080
5544346730
5547145199
5548368715
5550148264
5550834364
5550989009
5551152900
5551281187
5551293659
5551430762
5551505658
5551523199
5551601750
5551648751
5551682021
5551726473
5551747946
5551783796
5551941267
5552052259
5552115634
5552206780
5553877948
5553955363
5555334568
5558449576
5558622806
5559277725
5559428591
5561147375
5561294555
5561397129
5561460535
5561525047
5561619665
5561662519
5561675514
5561810405
5561863428
5561895039
5561944375
5561973067
5562016567
5562101078
5562204328
5563045933
5563841734
5564692648
5564757252
5565414199
5565753440
5565852174
5565967866
5566002702
5566010228
5566066077
5566173444
5566228525
5566545340
5567017814
5567194269
5567315245
5567605579
5567859972
5568081985
5569430931
5569681422
5570127814
5570263290
5570502076
5570589567
5570827339
5570848567
5580393210
5580523002
5580878002
5581129722
5581365835
5581489483
5581575131
5581721788
5581790079
5582016239
5582107785
5582395570
5582461802
5582476609
5582507729
5582555007
5582827094
5582848536
5582932832
5582959988
5583071779
5583114633
5583153064
5583314712
5583366906
5583395137
5583461585
5583491260
5583628026
5583787555
5584122710
5584270319
5584761379
5584882108
5584922966
5585025632
5585109221
5585122369
5585212655
5585494849
5607278708
5609615517
5612858228
5612886030
5615555997
5616018886
5619226792
5621673640
5621863366
5625354449
5626768521
5628401535
5632070455
5633786474
5633792587
5633908648
5639509610
5639815213
5640663453
5641680746
5641876617
5641953939
5642005979
5642283442
5642395570
5642440882
5642611900
5643194136
5644182153
5644263807
5644336398
5644449878
5644568119
5645495648
5649078890
5651616516
5657644579
5658136375
5658389477
5659446368
5673018065
5673311348
5673531580
5673679220
5674039935
5674317275
5674331037
5675208646
5675415423
5680927144
5680933871
5681162981
5681322971
5681393412
5681436451
5681879802
5682363979
5682540005
5687539101
5688730853
5688885774
5688962574
5689071968
5689102473
5689176416
5689188581
5689204525
5689219270
5689340215
5689372041
5689495044
5690621946
5696552380
5696598859
5696824375
5697017297
5697097015
5697220724
5697229541
5699168833
5699635839
5699715926
5699822493
5699883319
5699908202
5699995631
5700014401
5700056764
5700074705
5700107944
5700232544
5700260683
5700388233
5700420090
5700465709
5700532924
5700659767
5700749807
5702850994
5713130367
5719847356
5724115992
5724340371
5725746825
5729529317
5731818295
5732714520
5733340471
5733351960
5733491245
5733541933
5734206406
5734389866
5734568810
5734754605
5734960214
5735144718
5735249719
5736057901
5737786699
5738321074
5741639264
5741852676
5742577207
5744011954
5749625727
5749733677
5749771339
5751206025
5752170172
5754118035
5754157387
5756273197
5762321412
5764134138
5766895190
5768681650
5772752726
5779716612
5779802228
5779846680
5780017207
5781708251
5781805357
5784952344
5792956256
5793979693
5794069272
5794637408
5794717464
5795075107
5795166529
5795253283
5795335520
5797687382
5797752815
5797771432
5797788973
5797865896
5797876586
5797938886
5797989482
5798067818
5798102747
5798157336
5798185537
5798256224
5798298618
5798317510
5798376554
5798415753
5798528250
5798558847
5798579890
5798587324
5798727069
5798737637
5798750939
5798791428
5798872529
5798918854
5799004993
5799082162
5799108704
5799143418
5799518079
5799640928
5807446388
5809274536
5809674418
5811023794
5812135428
5813960564
5814353811
5814523754
5814542647
5814593059
5814682269
5814746413
5814814273
5814934696
5814962497
5815119323
5815403053
5815793043
5815829569
5816003997
5816039479
5816397797
5816723245
5816827478
5816840073
5817052778
5817292579
5817358780
5817446086
5817547616
5818534680
5819332356
5821044627
5821776715
5821869244
5825773172
5828650162
5829398347
5840881914
5843363659
5843537381
5843622015
5843724466
5843776045
5843844980
5843858712
5844045336
5844081002
5844172947
5844186833
5844267995
5844333336
5844394285
5844495384
5844641120
5844909367
5845314410
5845918550
5849551958
5850111584
5850268256
5850290067
5851054872
5851264567
5851473678
5851517884
5851906615
5852311935
5852626139
5853259278
5853341638
5854881509
5855506477
5862536749
5864892420
5865377857
5865843511
5866057660
5867233837
5868744216
5868751528
5871889207
5872812005
5873040869
5874492696
5874541080
5874657693
5874723465
5874895374
5888989741
5890299089
5890645303
5892107360
5895185043
5897048242
5897137115
5904432316
5904557746
5905316991
5905535994
5906066497
5906634633
5906698776
5906744273
5907265591
5908326660
5908584401
5913508202
5913604387
5913641558
5913721338
5913811777
5915437050
5915569760
5920536815
5920611987
5921703131
5921848467
5922452730
5922758086
5923427414
5923553796
5923928426
5924239620
5924324131
5925090595
5925374355
5925504362
5928015200
5928298408
5928560603
5928629539
5928732051
5928755153
5929791553
5930401038
5931243380
5931433199
5931622926
5931677823
5931766972
5931835631
5931876059
5931939281
5932029413
5932094447
5932240705
5932293175
5932446499
5932686053
5932838947
5933604612
5934904375
5935177015
5935360198
5935437183
5935455062
5935563073
5935581137
5935677720
5935797958
5935869382
5935897675
5935984828
5936344559
5937018556
5937224810
5937333498
5937415366
5937518278
5937661126
5938811037
5939051851
5939264250
5940612397
5940699304
5940729839
5940854440
5940979869
5941068036
5941339017
5941356097
5941375604
5941521586
5941537437
5941624037
5941754751
5942074822
5942255456
5946693851
5946748686
5946793752
5946900566
5946944065
5947799371
5953742340
5955238281
5955424444
5955707590
5958637603
5968018968
5970730961
5970744416
5970756858
5973795373
5976872411
5977543397
5977687873
5984426213
5984528541
5985246621
5985308799
5985565464
5985817891
5986418098
5987912227
5988061372
5988972957
5991496728
5997323575
5997840439
5998118301
5998506879
5999240687
6003534637
6004236189
6004302452
6004560593
6004664211
6004733116
6004898666
6005021669
6005233729
6005769947
6006158155
6006515275
6006677907
6006851721
6007104239
6007239254
6007459086
6007880349
6022549518
6035124811
6041529532
6041674653
6075277050
6075378763
6081342376
6093474287
6093733963
6101444038
6102183223
6105520705
6109292077
6121249591
6130937020
6131012161
6131199031
6131474221
6131600695
6131709198
6131904147
6131977261
6132044261
6138019700
6138988548
6139107465
6142197467
6145681606
6146562379
6146824820
6147280091
6147462291
6147867488
6149579882
6162051096
6162088913
6162105440
6162402011
6190292515
6191332540
6196911937
6197160247
6197449384
6197457709
6197885178
6200457578
6200640639
6200656275
6205413605
6205524289
6205580507
6205677889
6205701513
6205854314
6205873760
6206030524
6206038388
6206437656
6206534394
6206581242
6209999425
6217629475
6219994730
6220121020
6220134783
6220259567
6221935190
6221940074
6223049251
6223314671
6223490175
6224096065
6224155570
6225622081
6225971951
6226697896
6235363424
6238394443
6239073847
6239575167
6239659677
6239853029
6240490070
6240688582
6241205723
6241222404
6241664219
6244347611
6245360480
6252534399
6253704954
6253811214
6254076389
6255638286
6255692476
6263685390
6268778244
6271642362
6288273586
6289586221
6289711128
6294550726
6297836568
6297903261
6297916102
6297945409
6297954349
6298025803
6298039535
6298056155
6298071515
6298079932
6298092589
6298114246
6298203887
6298331744
6298630619
6298643552
6298696145
6298704101
6302133743
6302182435
6302251585
6302336987
6302386569
6302612422
6303520936
6318996197
6319060832
6319152378
6319234246
6319446122
6319501449
6319621226
6319910701
6322264867
6328915654
6334250520
6334563465
6334911953
6336528746
6337111689
6343122241
6343131887
6343179780
6343217412
6343228655
6343387478
6343406555
6343651393
6344127676
6344177227
6344302012
6344422588
6344490418
6344586664
6345767510
6345915181
6345953489
6346040887
6346102266
6346125275
6346178820
6346204072
6346266372
6346331805
6346491795
6346541592
6346613262
6346742716
6347242838
6347294816
6347415822
6347503313
6347552065
6347621923
6347740686
6347903779
6348233681
6348832843
6348970070
6349017256
6349093779
6349104101
6349173774
6349277116
6349297330
6349304887
6349363808
6349371242
6349408905
6349454401
6349516087
6349551261
6349612363
6349633407
6349665018
6349709992
6349746395
6349946966
6350061643
6350221725
6350349428
6350355849
6350459775
6350586863
6350678593
6350836832
6350865371
6350893449
6350900330
6350952646
6351024931
6351136444
6351143694
6351212353
6351239141
6351282456
6351346170
6351359441
6351433291
6351479064
6351637979
6351690295
6351798184
6352004376
6352038322
6352806230
6352843616
6352886563
6352913627
6352938264
6352947972
6352993837
6353005203
6353012822
6353033097
6353090943
6353107716
6353204177
6353296644
6353544032
6356903325
6358365720
6361132026
6362277421
6364192075
6366378234
6366503602
6366642272
6367298328
6368122669
6368199192
6368231971
6369005408
6369069275
6371660353
6376782452
6376874029
6377257476
6377321896
6377584613
6379695476
6381363173
6385731834
6385771309
6385853393
6385943310
6386244796
6386259880
6386331887
6386382084
6386592086
6386661359
6387769307
6388030580
6388062560
6388147931
6388431630
6388563142
6388662061
6388711981
6388773390
6388886132
6389363890
6391743953
6391760081
6392236886
6392417519
6393791901
6394451767
6394767630
6397696506
6397764950
6397919963
6398122684
6398189070
6398309308
6398417504
6398512244
6398540169
6398554239
6398618935
6398630148
6398656383
6398667227
6398699391
6398716778
6398744119
6398778218
6398814499
6398847676
6398858397
6398921865
6398965641
6398983827
6399024316
6399044346
6399058077
6399139485
6399183907
6399197884
6399282395
6399416918
6399448129
6399538753
6399592667
6399657087
6399690571
6399711369
6399805003
6399853510
6399915196
6399983794
6400141142
6400484745
6400857071
6400915593
6401226909
6402180612
6402200365
6402212346
6402275629
6404483905
6404603345
6404637690
6404646445
6404721064
6405033302
6405236484
6405453306
6405561071
6405904951
6406006757
6406109546
6406228494
6406385995
6406402830
6408071540
6408680718
6408742373
6408762863
6409220100
6409341597
6409454493
6409539680
6409706244
6409742586
6409794226
6409850259
6409882822
6409910470
6409961527
6410107048
6410117431
6410181267
6410220589
6410264856
6410466164
6410542596
6410554239
6410633988
6410713675
6410881038
6410983950
6411107997
6414523908
6414532724
6414636927
6414964279
6415016810
6415064211
6415114223
6415174097
6415197413
6415276363
6415283583
6415391779
6415428458
6415436783
6415518806
6415577696
6415692681
6415839983
6415931375
6416286621
6416501569
6416582271
6416604788
6416759187
6416895092
6417052102
6417127858
6417248649
6418333649
6418499076
6418619836
6418840713
6426424529
6428779954
6428985286
6429236392
6429421910
6429474902
6429573052
6444447000
6444532402
6445488132
6446633005
6446729066
6446757451
6447355939
6447494363
6447671371
6447809980
6464247546
6464397797
6466076031
6467853766
6468612612
6468620783
6470291552
6470347923
6470378336
6470412404
6470454153
6470469052
6470477961
6470545852
6470574913
6470598537
6470661298
6470696779
6471204888
6504185419
6504269869
6504339818
6504476338
6504482113
6504908107
6505081860
6505392715
6505765226
6505866264
6511467749
6511643652
6511809663
6511897983
6511902990
6512229912
6512344682
6512636246
6512743919
6512769140
6512821733
6512893341
6513048754
6513187578
6513247420
6513333252
6513378533
6513383633
6513598826
6513606506
6513686501
6513912355
6513919635
6514079502
6514092251
6514101467
6514127825
6514224163
6514321361
6514471459
6514490812
6514524604
6514582235
6514590836
6514646040
6514905624
6515088040
6522605654
6539905222
6540969517
6549995606
6550062299
6550830975
6559170502
6560790921
6560840104
6560947808
6560978436
6561164384
6561192339
6561212338
6561256114
6561279983
6561335034
6561364771
6561371314
6561390913
6561421326
6561525344
6561546080
6561568690
6561634646
6561699619
6561715071
6561812576
6561927039
6562064388
6562108993
6562115107
6562218418
6562238202
6562252026
6566953691
6571206260
6571665494
6572511553
6572631515
6572687732
6572695136
6572706257
6572814545
6572836110
6572922218
6572954659
6573018710
6573029216
6573174030
6573245638
6577028161
6577526962
6581530423
6581664301
6581684330
6581703776
6581735448
6581741930
6581764294
6581797687
6581819744
6581911689
6582044553
6582244264
6589934801
6590228177
6590257299
6590386016
6590502199
6590608337
6591956883
6594379002
6599879049
6600071264
6600133503
6600172916
6600295796
6600398616
6600405835
6600475723
6606162057
6613259913
6630299437
6630339127
6630355378
6630605592
6630675910
6630817898
6630832459
6630901211
6630977611
6631018346
6631090507
6631218610
6631442436
6631900041
6631972356
6631992385
6632006148
6632053057
6632081565
6632185522
6632268681
6632376355
6632527128
6632871131
6633348489
6634371711
6634523867
6634614491
6634708218
6635047674
6636887034
6642962159
6645950632
6653867821
6654177571
6664933318
6665058902
6665206634
6666179598
6677506062
6677568393
6677651460
6677737967
6677811388
6677839651
6690424068
6695294355
6695455789
6695491823
6695536582
6695810236
6695917510
6695982637
6696042203
6696178231
6712789027
6712792805
6712918388
6712961704
6713003452
6713098070
6713290838
6713323739
6713332555
6713445697
6713589037
6713975617
6719076550
6719199922
6719207755
6721907368
6722054731
6722385279
6732174145
6739575300
6742277738
6751246627
6751402991
6751780509
6752124604
6769660993
6769708701
6769837695
6769917966
6769931452
6770021062
6770144096
6770606524
6783924996
6793928595
6794094852
6794106464
6794300799
6794379780
6794467793
6794714812
6794724397
6795521458
6795536234
6797084000
6797193271
6797238307
6797257138
6797266845
6797342816
6797426282
6797619511
6797819713
6797852983
6797917710
6798355316
6805633376
6805763076
6820441184
6821712132
6842738344
6843238066
6843550703
6844281594
6844395380
6844505082
6844636809
6845607284
6845628727
6846639753
6848269019
6848704383
6848714889
6848812425
6849249171
6849276942
6849378410
6849500553
6849621006
6849871927
6849913829
6849971521
6850122725
6850194149
6850268676
6850283667
6850367809
6850378438
6850564509
6852254847
6852653623
6855946623
6856018108
6856032209
6856193796
6856244883
6856260366
6856280948
6856300271
6856362909
6856489015
6858624946
6858654099
6858939150
6859358601
6859535087
6859583287
6861791932
6862050379
6864485523
6864497258
6877794349
6878217455
6886396532
6887270639
6887480856
6889342888
6894997549
6897318475
6897366522
6897425135
6901295671
6906348128
6906526365
6908632314
6908973306
6909211816
6909334235
6909429436
6909512810
6909633693
6909825478
6909920557
6910251811
6910302314
6910413490
6910487617
6910977724
6911082510
6911311005
6911375610
6911386515
6911613628
6911760992
6912012712
6914197641
6914218285
6914372192
6914592362
6914741201
6914900822
6915559858
6915618410
6915655889
6915799320
6915965147
6916135766
6916249276
6916308842
6916448710
6916485759
6916499091
6916514328
6916524097
6916549011
6916561668
6916588302
6916603631
6916616411
6916645103
6916661170
6916675823
6916928465
6917961455
6918412701
6918854148
6919709423
6920166138
6920189116
6921226039
6921544022
6921742657
6921937637
6922189971
6922285695
6922335277
6922367318
6922403721
6922484115
6922503745
6922524819
6922544019
6922585553
6922960060
6923244435
6923311497
6923445375
6923569576
6923747967
6923803140
6923813185
6924659552
6924768854
6924791126
6924829679
6925096175
6925603025
6925800339
6925972003
6925998299
6926303011
6927188422
6927236991
6928225192
6928735389
6929548456
6930314612
6930409629
6930442346
6930554781
6930631827
6937444509
6943030511
6945374263
6954143871
6954164484
6954273509
6954382074
6954530451
6954621505
6954668722
6954929565
6954979608
6956157413
6957330487
6957362282
6957459327
6957475117
6957530935
6957615630
6957632465
6957642080
6957858902
6957936777
6957994684
6958059626
6958161463
6958289043
6958324863
6958591973
6961095868
6961339939
6962089937
6962130180
6962453170
6963975499
6964129990
6964199325
6964256741
6964676653
6964795754
6964867823
6964969906
6965063878
6965202579
6965218922
6965378451
6969748218
6971534063
6973673619
6973846388
6973891516
6973946474
6973955997
6974019188
6974096664
6974125019
6974133805
6974269587
6974340397
6974403096
6974408810
6974891483
6975025361
6975182985
6975528278
6975765590
6975805341
6976709492
6976808411
6977435498
6977543479
6977623412
6977757167
6977863766
6978089896
6978203099
6978259439
6978438353
6978658492
6978850922
6979856326
6979875342
6980332763
6983608559
6983653933
6983968045
6984777363
6985586344
6985757147
6986148612
6986612822
6986787711
6987047018
6987158040
6987615584
6987767095
6993269846
6993388886
6993420251
6993498095
6993534929
6993559351
6994170525
6994251073
6994341513
6994489675
6994538029
6994590099
6994886301
7000532361
7006526417
7008715555
7008912224
7009147201
7011034976
7011404845
7011651004
7015329632
7019116456
7019203578
7021307775
7021769558
7022182680
7022352931
7022416490
7022464598
7022477377
7022565820
7022610364
7022639333
7022652973
7022713430
7022722984
7022732814
7022862084
7022874833
7022964689
7022972522
7023129686
7023151927
7023182063
7023193921
7023241537
7023262888
7023272902
7023777202
7024094324
7031087640
7031470903
7033149382
7033769926
7034217793
7034285899
7034418979
7036475867
7037346871
7038149738
7042975359
7043741853
7046725687
7046757697
7046809184
7046818001
7046907058
7046916673
7047230140
7047260983
7047270783
7047510429
7047617949
7047710570
7047902355
7047922876
7047971076
7048418328
7048590698
7048796154
7049934913
7051249330
7051361581
7051440070
7055262283
7063566852
7066993699
7067098792
7067184500
7067345873
7070104651
7076423479
7077416319
7078333434
7080174053
7080318068
7080393363
7080421195
7080431671
7080611659
7080692115
7082159241
7091950964
7092551264
7092824672
7092839971
7092867127
7092907370
7092915910
7092927768
7093014307
7093090984
7093105791
7093233985
7093391886
7093458671
7094184769
7095531288
7095541426
7096138008
7102258600
7104212945
7104342583
7104446970
7104563521
7107228266
7107568459
7108875165
7111656462
7111792890
7115080298
7115288672
7116523677
7118698653
7123800539
7125775497
7125939757
7127788701
7128797055
7130105942
7143028986
7145250318
7145480872
7145632229
7161621190
7162153875
7162238785
7174425686
7176848142
7179632941
7179838642
7184847691
7184859918
7185061042
7188791371
7190503336
7192461306
7194821155
7195010605
7202350964
7202406015
7202652788
7202889148
7203194474
7205573339
7206348681
7206493956
7206864101
7206888739
7207065624
7210095907
7213409857
7213529327
7213663819
7213682559
7213776470
7214104959
7214719267
7215696101
7216066093
7217715480
7217765830
7218222514
7218331048
7221179959
7221201463
7221332515
7222233225
7224226523
7232142483
7244965748
7246209233
7247876530
7247957846
7248135039
7251695364
7252676253
7257927868
7258092927
7258761302
7258789226
7259619311
7259894255
7260226308
7260357513
7260435296
7260681455
7260818098
7260992372
7261030527
7261093871
7261113624
7261265412
7261327620
7261657768
7261991141
7262162497
7262371547
7262434799
7262544224
7262694568
7263600654
7263675058
7263764699
7264020566
7264182737
7264367947
7265016262
7270858961
7270973116
7271117408
7271542266
7271649140
7272514891
7272592429
7272931516
7273985857
7274444568
7274514671
7274582993
7274840119
7274851823
7276969076
7277020164
7277120035
7277652013
7277854365
7278805825
7278873317
7278960531
7281709142
7282765449
7283508381
7283824367
7283845073
7283938523
7283974004
7284038670
7284453667
7284498272
7284925495
7285137309
7285283844
7289326596
7289403611
7289796520
7289846440
7291800907
7298461649
7316198424
7316311259
7318878468
7327591059
7327840536
7327948978
7327960805
7328611117
7328764625
7328910975
7328919146
7328933830
7329010753
7329084328
7341832913
7348512577
7348531716
7355894839
7359499155
7361363460
7361504526
7362225924
7362360969
7362372028
7362686171
7362693359
7363095761
7363327113
7363576836
7369128800
7369176600
7369321353
7369803165
7370084899
7370454245
7370477408
7371959402
7375507439
7375764289
7375874298
7380376375
7380607082
7384438634
7384655917
7386585379
7386653331
7387336851
7387733108
7387839768
7387858446
7388030755
7401378932
7402401048
7403576303
7404375177
7406090950
7408594661
7408657238
7408671707
7415479965
7418042812
7418301229
7418652942
7418783164
7418920022
7418983397
7419116814
7419164338
7419266758
7420177883
7430626216
7435830091
7441643759
7447033338
7447134499
7452207108
7452832536
7453083027
7460933953
7461779890
7462154336
7463933178
7464209535
7465566560
7466318586
7471208626
7474426730
7474489583
7474512009
7474647668
7474870819
7475538180
7475663210
7475717953
7475796289
7476026013
7476685234
7477091475
7477144682
7477160134
7477334286
7477502109
7477524412
7477603946
7477654419
7477698318
7477844484
7478032060
7478060630
7478184032
7478284302
7478351487
7478698899
7478785591
7478906720
7479051104
7479089965
7479115555
7479132297
7479231830
7479390959
7479610699
7479745806
7479923398
7480029536
7480114968
7482259347
7482472360
7485379670
7485814819
7485821669
7486756663
7487059316
7487208677
7490129658
7491628947
7491699542
7494803706
7496833622
7507344439
7518393286
7526150885
7526524747
7531064887
7531235014
7531512969
7537506994
7537733400
7537955567
7537998207
7538007607
7538092548
7538200037
7538427089
7539092975
7543501603
7544514687
7544519848
7544826310
7544932233
7545013027
7545018556
7545460801
7546807167
7548423315
7548533999
7548738502
7548798744
7548824273
7549357142
7549943371
7550598875
7555072598
7555366650
7556307357
7556869472
7561983461
7562161944
7565832739
7589112662
7589224636
7589282359
7589314400
7589349114
7590108420
7590339373
7591499698
7597546807
7598381838
7628013859
7640267667
7640642635
7652743704
7660909357
7661167835
7661322387
7672098410
7672796184
7674402164
7674526673
7675734952
7682932187
7683055528
7683615123
7683793238
7686549221
7686567960
7686693329
7687508545
7687787974
7691325935
7694722093
7695338797
7696295878
7696875319
7697662458
7698206447
7701180358
7702556707
7703789623
7703814414
7704774691
7704848326
7704908998
7705210024
7712604942
7712725303
7712768096
7712783333
7712881668
7712998742
7713119594
7713965869
7714774880
7718293702
7718702278
7720101421
7725789567
7737706070
7739056122
7739582601
7740746612
7740806885
7740857266
7740964786
7741219209
7741396248
7742968160
7745976201
7747562766
7747572259
7747734614
7747939485
7748052996
7752120201
7752237981
7753208365
7754097402
7759869198
7760004243
7762788827
7773021137
7776453759
7776475232
7776639891
7779417563
7780786692
7780871786
7780906438
7780954515
7781022499
7781245802
7801815546
7809805080
7810380865
7812276474
7812772233
7814085451
7815832129
7815910219
7815986620
7816193335
7818467721
7818929504
7819095761
7819219869
7819556991
7819944186
7829073985
7829079515
7829092847
7829280946
7829820696
7842562615
7853736646
7856114651
7858594093
7858612525
7858713409
7858727940
7858900125
7858964699
7859053449
7859125825
7859259457
7859297366
7861230115
7863589042
7863593066
7863962843
7865617299
7866838419
7870323849
7871596794
7871608897
7871615226
7871763327
7871802556
7871884671
7872151873
7876588732
7877270470
7877488552
7878352859
7881891711
7881951799
7881988141
7882217435
7891420133
7893455057
7893506267
7894384306
7900368931
7907294939
7907488843
7910882912
7910983520
7911043547
7911155828
7911180988
7911327031
7911368442
7911598411
7911703351
7911877165
7911925549
7911943643
7911999523
7912014667
7912026310
7912039704
7912066001
7912180801
7912208296
7912318826
7912368316
7912433258
7912503177
7912595798
7912694102
7912753914
7912830161
7912836120
7912921491
7913027014
7913080006
7913142337
7913163749
7913172259
7913194193
7913294647
7913591156
7913694959
7913819345
7913852584
7913861462
7913959243
7914044584
7914160828
7914282787
7914296856
7914380906
7914461731
7914477213
7914499885
7914531834
7914593642
7914638155
7914723219
7914790711
7914886219
7915022493
7915231881
7915355867
7915996532
7916088385
7916321212
7916376201
7916421667
7916523043
7916600611
7916619012
7916723337
7916852545
7916981876
7917158977
7917425565
7917491030
7917773285
7917860192
7918046755
7918120544
7918209110
7918366611
7918476773
7918583218
7918614091
7918713962
7918762838
7918802129
7918820192
7918835767
7918879051
7918961934
7919035293
7919166437
7920248549
7922720342
7922861469
7922927702
7922940911
7923013503
7923026036
7923060689
7923092637
7923147718
7923178315
7923260891
7923276896
7923291764
7923339227
7923346999
7923368011
7923401558
7923411757
7923436425
7923474763
7923493011
7923507849
7923521550
7923532026
7923548061
7923582744
7923691524
7923714656
7923818367
7923834218
7923861006
7923899222
7923934089
7923946531
7924052760
7924227619
7924243654
7924364538
7924375566
7924401770
7924438327
7924464101
7924521763
7924600283
7924649373
7924732870
7924780210
7924793819
7924870650
7924912490
7924968431
7925015986
7925025202
7925093400
7925119144
7925296060
7925373014
7925421336
7925441212
7925472792
7925499826
7925579514
7925638987
7925669277
7925676742
7925779747
7925810804
7935402326
7935770013
7936551499
7936983146
7937216342
7943002362
7943022606
7943111510
7943124228
7943154333
7943216511
7943259304
7943326365
7943525923
7943647789
7943753773
7943767044
7943837055
7943965894
7943975418
7944048132
7944057686
7944148279
7944182132
7953485347
7953497850
7953710094
7953910112
7969889120
7970157336
7971344480
7993281786
7999264598
7999710836
7999859951
8013378103
8013592129
8022867941
8030550614
8034719594
8041022417
8041658597
8048903295
8050045096
8050051578
8050135228
8050144782
8050244008
8050261948
8050274851
8070142550
8081067964
8081134934
8083688442
8091108581
8091238772
8091249524
8091552792
8091633555
8091780858
8092447482
8092468771
8092579731
8092652138
8092735912
8092903459
8092927574
8092966588
8093101664
8093222086
8101003524
8111293956
8118779160
8118862749
8119018653
8119105898
8119164758
8119406647
8119430547
8119600828
8119749421
8119756087
8119883882
8120325912
8122883014
8139680372
8139776250
8141231947
8142400168
8173857140
8173944078
8174091288
8174121793
8174216319
8174229375
8174432035
8174446627
8174524471
8174554300
8174816680
8174888288
8174970618
8175023425
8175120838
8175693674
8176091744
8177820973
8182052899
8182127579
8182876747
8193516189
8194434810
8195554738
8195593230
8195599958
8195748397
8195917664
8196006107
8198665353
8202372704
8206824401
8206866149
8206882769
8207066013
8207117623
8207131570
8207323324
8207536367
8207640785
8207765201
8208064444
8213912088
8226045321
8226395805
8227147370
8233707933
8233860489
8233866234
8233894465
8234333270
8234409824
8234566650
8244362827
8244383656
8245473386
8245802950
8245850781
8263879028
8265392756
8265404031
8267258413
8269634113
8269758775
8270381285
8270473107
8277149577
8277785389
8284817780
8285554999
8285698154
8300954013
8301021290
8301109027
8301176703
8301274515
8345982591
8347775809
8347948609
8348642513
8348898840
8349415459
8349484486
8349499416
8349539997
8349566017
8349615476
8349620760
8349665181
8349687453
8349728035
8349811316
8349877979
8349922492
8349986451
8350043345
8350136273
8350190893
8350227265
8350270857
8350302652
8350371434
8350393123
8350541838
8350559256
8351184931
8351351064
8351651383
8351795521
8351864088
8352213774
8359109462
8363988105
8366711740
8367058968
8372723828
8372760047
8372973582
8373166627
8381466740
8382218705
8382599694
8382682669
8383621103
8384104882
8387475695
8388555073
8388719364
8388947890
8389040173
8389330569
8389419534
8389538052
8394458597
8394898016
8400134916
8400228120
8400371183
8416002410
8419928918
8420197718
8422745235
8429643780
8429865793
8440358977
8444559599
8458772883
8458840344
8462404970
8462602838
8462823407
8462874648
8462942140
8463021490
8463082776
8463864508
8464698464
8466260023
8466448982
8466460317
8467394144
8471964666
8472204527
8474978420
8479048483
8480035147
8482239799
8483983681
8484009947
8484333521
8484475877
8484557285
8484621889
8486199730
8490579603
8495081281
8504120672
8504268650
8504340043
8504543717
8504633819
8506984605
8514979485
8516870977
8517057970
8517469710
8521234784
8521261510
8521644927
8521655249
8521672206
8521800339
8521820061
8521875265
8522000234
8522015994
8522076420
8522992429
8523375446
8531664623
8531830450
8533305594
8533330507
8533363931
8533409980
8533461928
8533565731
8533576390
8534290538
8534567848
8534613651
8534677702
8534852653
8534993074
8535521796
8540879425
8542044543
8543772481
8543779178
8543855302
8544167448
8544782401
8544956430
8545014583
8545567727
8545747347
8547001245
8547216470
8547222675
8547245807
8547365554
8548305033
8549516292
8549611892
8549707217
8549792956
8550043816
8550813505
8550947567
8552482001
8553299675
8554025803
8554510504
8554855704
8557669687
8557969699
8559454519
8559559397
8559819411
8562340786
8563480867
8571582345
8587296116
8587364284
8587704662
8611000774
8611008762
8611784104
8616130185
8617208764
8617352011
8617359292
8617372010
8618739849
8619170267
8619334281
8619532794
8633144703
8645218738
8649063960
8650113847
8650179158
8653595222
8654148028
8657453838
8671858538
8671972786
8672027130
8672109275
8674984605
8677549080
8678057097
8681187096
8688716968
8688812599
8688895604
8688940947
8688955570
8689042139
8692529412
8692677605
8692737110
8693947754
8693955588
8694031036
8694094688
8694140584
8694176065
8694195142
8694243434
8694420934
8694606575
8695422836
8695436230
8695716643
8695784227
8695793227
8695909810
8695918196
8697403416
8699447126
8708646598
8708667857
8715181541
8717338822
8718725431
8718733357
8720184262
8720192157
8720324131
8720377522
8720468177
8720747360
8723536367
8723760040
8726926381
8731265611
8735974834
8736109480
8740215791
8740350130
8750408933
8750418272
8759566166
8759779178
8759833153
8759849466
8759912687
8759936803
8760030990
8760170920
8760208275
8760341969
8760364456
8760444573
8760532248
8760631781
8760767994
8760784736
8764194103
8764340637
8776944961
8782025005
8782081099
8782198358
8782299672
8782351712
8787711185
8789071804
8793589487
8794679556
8799082100
8804102731
8813255418
8813266600
8814655359
8814845055
8815551860
8815786315
8815929041
8816285638
8816326219
8816338262
8816351226
8816392175
8816411252
8816423141
8816488575
8816516929
8816576925
8816674400
8816753197
8816785146
8816793655
8817232398
8817409038
8817498372
8817567953
8817588351
8817637257
8817655505
8817778016
8817842927
8817859240
8817944488
8818153844
8818169819
8818521962
8820478181
8820917846
8820957597
8821012494
8821049174
8821092274
8821289988
8824696283
8824705130
8824775080
8824806291
8824833263
8825137299
8826522065
8827251972
8827452911
8827635542
8830096429
8830485313
8830510012
8830528843
8833374007
8836014760
8839752677
8840338723
8840343484
8840934691
8841021536
8841104265
8841214365
8841340102
8846898579
8848815231
8849032544
8849235634
8849305061
8849372491
8849388589
8849397006
8849405116
8849505847
8849786443
8849810067
8850352029
8850853011
8851014537
8852637075
8854560977
8854738630
8854790301
8854797029
8854999597
8855040792
8855080943
8855402029
8857120106
8857265535
8858418333
8858479343
8858560997
8859236868
8859433537
8859693951
8859756681
8859766819
8859789736
8859816554
8859971291
8860274006
8860324233
8860696744
8860763775
8861170231
8862808928
8866677436
8866810915
8869750788
8872172323
8887444771
8905846266
8906851424
8910440196
8921657757
8922891043
8925957759
8926621679
8932281594
8942794070
8963823323
9011128375
9011151016
9017110143
9019277961
9019283644
9019352856
9019448242
9019457980
9019523076
9019530141
9019543566
9019674065
9019835068
9019855743
9019872639
9020030232
9020044701
9020120334
9020155570
9020228530
9020266223
9020284102
9020794300
9020975179
9021063499
9021141682
9021311963
9021331071
9021538246
9028084648
9030425020
9030454634
9030674989
9055388922
9065212133
9065234467
9065454852
9065825642
9066112291
9067462404
9093340502
9093623371
9093832329
9093865445
9093880129
9093960800
9094066569
9094184534
9094349101
9094358778
9095839850
9095901597
9095953422
9096028840
9096044753
9096117958
9096179613
9096190611
9098675122
9098818001
9098965119
9099070058
9103933956
9104379457
9106086936
9109246181
9110314377
9110354927
9110367307
9110436643
9110445643
9110481770
9110511999
9110601640
9110614388
9110679331
9110693093
9110718959
9110966286
9119810359
9133451575
9133853884
9134028312
9134536790
9146908256
9149476663
9150468090
9153298139
9153316171
9153362682
9153482397
9153488480
9156061495
9156551172
9156567177
9156806516
9156827898
9157099954
9157417076
9167112308
9167300622
9167369558
9173436358
9173584705
9173596502
9173603291
9174125316
9174285275
9174433253
9174444927
9174784659
9175314057
9175515764
9175613638
9175628476
9184745527
9196303620
9204480086
9204882149
9204985245
9205627662
9206416644
9206648334
9208386472
9223900317
9224187642
9228835117
9230567356
9230878488
9231129501
9231194228
9231238619
9231332868
9232015251
9232288106
9232309672
9232361834
9232436207
9232445300
9232716312
9232813265
9232825522
9233001885
9233250687
9233265739
9233390923
9233632506
9233791082
9234675112
9234808682
9234828865
9246273970
9255242643
9262159374
9266375971
9266496884
9276334995
9286898927
9290401929
9290439438
9290602070
9290659854
9290701756
9310060886
9313438396
9313449486
9314231556
9318465509
9318471991
9334232826
9358297030
9358515603
9358937174
9359201335
9365377745
9368464521
9409139798
9414438322
9424648943
9437503328
9448324724
9459173707
9459733795
9521085782
9522089466
9540596177
9540706676
9540807131
9540814627
9542886721
9549649483
9557719443
9557725710
9559470913
9560186536
9562974130
9566606708
9567066587
9567313115
9567565756
9568082743
9568097827
9568113279
9568790071
9569962715
9570838634
9572007100
9572425476
9572434139
9573087246
9577505980
9579751981
9581408772
9581415192
9593306781
9593370126
9593531467
9593622245
9593780699
9593945665
9594074443
9596178825
9596201681
9597419391
9606058592
9606100340
9606231177
9606936109
9612696416
9612868724
9629619050
9630743709
9635860740
9644487254
9646126964
9668584022
9670799855
9671484420
9671652458
9671764156
9672001284
9672072308
9673728577
9688816029
9693903753
9700731457
9707265140
9709251188
9709265719
9711450587
9711457775
9711921924
9711938574
9712095369
9712169005
9712184395
9712195516
9712201783
9712209924
9712221290
9712322083
9712339992
9712361312
9712474085
9712706083
9712807612
9712909019
9713020809
9713113829
9713142829
9713968705
9714260023
9714386405
9714472513
9714478381
9714584395
9714637234
9714777686
9714920657
9714959179
9718139160
9718945898
9721942143
9722237823
9722257760
9722367062
9722424723
9722766637
9723820855
9723933874
9730722533
9732627941
9732735400
9733498945
9733813364
9734580412
9734954981
9734982998
9735060504
9735137212
9735207039
9735227898
9735337691
9735571409
9735726790
9735741720
9735939496
9735962935
9736022962
9736349055
9736457773
9736741687
9737993035
9738352029
9739850520
9741006022
9741079382
9741102606
9741471246
9768419137
9768448475
9768456523
9773672779
9773695666
9789067739
9790048321
9796111128
9821207034
9822295290
9833662642
9834091432
9834100555
9834293139
9835280910
9850037416
9853539741
9866049847
9873354111
9873524023
9902363467
9902370840
9902579460
9902588553
9910476220
9926725963
9937025366
9946014683
9958965098
9966711177
9967557789
9979324164
9986111133
9986122438
9986149963
9987977527
9988762577
9997444079
9997500358
9997565178
9998148489
10001283311
10001384687
10001395962
10002930088
10003000805
10005240570
10005287233
10005385906
10005421603
10007346518
10013975986
10026710163
10028505962
10028513550
10029819887
10031872045
10036717295
10040257837
10040265885
10040343761
10040368767
10041196118
10045248669
10046120319
10047896641
10048438634
10048470122
10048544680
10048574478
10048580622
10086959579
10087030051
10100311873
10100318079
10100338323
10100381638
10100733198
10100880347
10101088075
10106744764
10140723296
10140778500
10140913699
10140924266
10141458426
10164150859
10193978106
10196535914
10216942074
10217886867
10221079627
10221219895
10221328675
10221375338
10221492596
10221641865
10221692645
10222040211
10222109577
10222288244
10222393768
10222435793
10222791561
10222806982
10223006171
10223686496
10223994618
10227850930
10270891063
10271404855
10271968874
10272084873
10272109664
10272125423
10272336746
10273442113
10273458026
10273788358
10278373626
10282925562
10282994620
10283066812
10283130802
10283148712
10283391400
10283430322
10284855023
10288275081
10288280180
10299236192
10312238002
10314951162
10315048052
10315073888
10315090415
10315122979
10315173421
10315203619
10318488416
10333266487
10336588916
10338253480
10341644415
10341703274
10344521373
10346063087
10347001983
10347695732
10347701661
10351135328
10352680667
10355693562
10389453859
10391344337
10399356481
10422635391
10423012755
10423431469
10430549723
10436393312
10442022875
10448015026
10482396942
10518979670
10520150778
10520188102
10520391930
10526390378
10539213643
10552231305
10589326104
10589335720
10594146134
10594744221
10609859598
10631408326
10637369512
10637411168
10668082845
10766381838
10784697901
10784714213
10784913033
10799337486
10799352201
10802316527
10802339199
10802513934
10802611347
10802648365
10802750355
10802771644
10802826510
10803194628
10803417133
10803768754
10803867826
10803871697
10804034328
10804110022
10804167930
10804189710
10804197759
10804273084
10804303866
10804355475
10804431569
10804502593
10804632109
10824091171
10838179455
10840300363
10845393279
10845436133
10845563621
10845689358
10846317060
10846493116
10846511671
10846523283
10847274172
10851064590
10851093375
10862135587
10863974824
10875893692
10875905151
10876426193
10879659012
10894466267
10895700074
10929587521
10930657192
10930778536
10963802628
10964001601
10964011708
10981088096
10983926593
10984024989
10984032239
10984040872
10984190355
10988439576
10988886829
10991596179
10993610397
10993665847
10993673066
10993744736
10993871732
10993877784
10994208700
10994264273
10994916796
10995047510
10996513192
10998290958
11001031704
11008330561
11008385581
11014562912
11018853759
11021091219
11021963882
11027030286
11027105796
11027114275
11027157897
11031116937
11031167195
11049688406
11051993297
11052003127
11056346413
11056395165
11056484346
11058753233
11058908000
11058913898
11058921179
11058931562
11063757582
11063769071
11064900212
11073543561
11073558552
11073571608
11078416060
11078491386
11078559953
11078572609
11082121752
11082913345
11083287638
11083674648
11116509751
11116574755
11120515700
11120535853
11124963158
11125104163
11126416214
11130047686
11130588174
11131575761
11131749298
11151616813
11151622189
11152990488
11155178275
11155189242
11155227058
11155359277
11155421085
11155450577
11155457888
11155605805
11155614314
11155669395
11155677843
11155686291
11156167612
11156294086
11156837585
11157784436
11162061828
11163897256
11163914397
11163930833
11168928516
11171449460
11174061275
11174384265
11174833422
11175060934
11178420474
11178919428
11182284558
11188495128
11191334086
11192045746
11193197408
11197571997
11197873146
11202373011
11206860466
11206975451
11207019043
11207182657
11209490589
11218264375
11222861039
11223439988
11233660594
11234105143
11234484074
11236557398
11237082157
11237568209
11282985117
11283001614
11287538313
11295843465
11345909661
11401153867
11406169798
11406179782
11406195327
11406207307
11406212468
11406237044
11406260699
11406569742
11438649102
11460432593
11479202574
11480078954
11480135817
11521513414
11524804018
11526791694
11529065005
11533993568
11536365766
11536387731
11540943569
11540953675
11541037480
11541072040
11541115478
11541158578
11541261643
11541828090
11542062207
11549288319
11549335228
11549378574
11554574063
11555186989
11565474349
11565512073
11565606506
11565617934
11565672370
11565678330
11565688467
11565852481
11565942030
11566040058
11566142662
11566862708
11573561512
11573587624
11573595642
11575087896
11584761655
11591299639
11591474190
11592009947
11597608483
11601124417
11607391789
11607429359
11607487819
11607493042
11607543730
11609114290
11620673059
11627628097
11627682840
11627992068
11628002881
11628121675
11628174821
11628204742
11628279146
11631036389
11636310644
11636320905
11641147478
11644903520
11649412479
11649976191
11649997818
11652636850
11652882241
11653285994
11654135279
11654153803
11659010267
11661969678
11666052765
11670965170
11670974509
11670983540
11680555585
11680564986
11685697560
11685963104
11689206460
11691962720
11691969048
11692599761
11695829692
11695837188
11700655927
11709464918
11709478342
11712688060
11715394431
11720690129
11720738205
11762255579
11763709249
11764560838
11800480721
11800652077
11802403762
11802462007
11802499578
11802539913
11802545197
11802568083
11802792493
11802798606
11802982803
11803002341
11810263412
11811431264
11811761658
11811772225
11811808291
11819505279
11819611693
11824095553
11824121788
11824174842
11827929624
11830616580
11830668435
11830679341
11830712764
11830756202
11830768920
11830780655
11831062665
11831066044
11831158204
11831172980
11831284033
11832044138
11832063277
11832901288
11835798706
11851620704
11853165766
11853223428
11853251199
11853297678
11853302071
11854428604
11854441138
11854462427
11854478493
11854502271
11854583187
11857174788
11865047955
11865108566
11868827068
11870069201
11870557434
11897923977
11898276550
11911950452
11912037574
11917643053
11917817358
11917833517
11918135740
11918287374
11918799446
11918997375
11920791576
11923329847
11926515665
11942069170
11946162303
11946180489
11946186356
11946196187
11947129645
11947659411
11951312634
11951518642
11951577317
11959202728
11961142972
11962900617
11963080114
11963213162
11965513568
11968528244
11968549042
11970501789
11971374944
11974557198
11974654427
11974809993
11974817919
11974905501
11975996707
11986061131
11986159067
11986807627
11992518383
11993277843
11994493802
11996187181
11999697647
11999987091
12000002236
12000160352
12002470004
12013142808
12013278283
12014513105
12014543886
