1272821047
1296434835
1397371816
1458717014
1458731360
1461391712
1461954748
1473353435
1581098275
1601530454
1613934883
1619576918
1621385926
1654092159
1668727443
1696461797
1696484622
1696556445
1696563142
1696713885
1696727279
1696759351
1699967471
1708911538
1708974944
1709142921
1709558747
1720067875
1720082651
1722082891
1797557600
1797719863
1798458065
1798477418
1798660847
1798674763
1798828026
1799039963
1799134703
1799161860
1799353553
1806633916
1817407051
1822393092
1822401079
1878160613
1879795132
1879888429
1879902990
1880135203
1881074190
1881108934
1881181464
1881199528
1881281734
1881290551
1881433952
1881463658
1881840808
1881936685
1882181707
1882535755
1882590836
1882649972
1883268858
1883944022
1884562354
1885323135
1885345407
1885360582
1885462788
1885962725
1888647315
1889058441
1889140648
1896636020
1904712523
1904724259
1908850477
1919263635
1919291068
1919340497
1927294488
1927345729
1927585990
1927837434
1940526575
1940558248
1951619291
1992031297
1995811608
1998743095
2007456608
2013165736
2020993837
2021248014
2136009179
2153047658
2192739373
2221243355
2240180883
2240209391
2288437487
2292714909
2292772417
2297824628
2300782811
2320457834
2320579055
2320588087
2330728114
2332081514
2337030936
2355021275
2358067409
2358180735
2361847965
2361868425
2374005129
2376474894
2384370733
2384624941
2384640639
2384666566
2384675107
2384762689
2388767256
2395598801
2468974227
2560537245
2561935374
2578984513
2590395457
2622188630
2657401583
2657417158
2657428095
2659202574
2743699132
2745110993
2753401092
2758272731
2920308320
2928009978
2929898920
2931301718
2946276888
2948415799
2948488820
2948507683
2951240349
2951443531
2991499217
3016568058
3016868284
3030055950
3064039827
3064048951
3108128280
3243969202
3244074940
3253512984
3261429835
3264662563
3264669905
3264930195
3264979409
3285593450
3285763823
3294682607
3313239945
3313573902
3349593716
3349944570
3350045485
3350058633
3355512508
3355525994
3363364786
3371081988
3374719021
3374839935
3381312731
3381826891
3386435444
3387021490
3387441125
3387475900
3401019058
3405474625
3405698390
3406463318
3422619857
3551907864
3553501341
3553549080
3577029421
3577090646
3631000314
3682615535
3682699923
3728555299
3732065335
3758506070
3802559563
3807742212
3844767400
3867554851
3899145025
3901150181
3944660668
3947379941
3952504006
3963346446
3970317306
3976149037
3980368029
3992210006
3992277743
3992340873
3996407494
3996455602
3999924105
3999951814
4000275972
4000334770
4011869792
4050012543
4133217018
4133573677
4153488224
4153757884
4161035022
4161073944
4161080488
4161998432
4162075754
4162909188
4163259304
4163270701
4163349866
4163375487
4163382675
4163808915
4163823016
4163837331
4164214880
4164232882
4164838895
4164869277
4166027882
4166157244
4166467086
4166549078
4172225335
4275547232
4321434986
4340150102
4385722976
4466895292
4466914400
4467020353
4468457803
4469783648
4469812003
4469945788
4477956366
4502613682
4508728744
4520930666
4525183451
4581717958
4611252351
4611269400
4615975612
4648282269
4648434333
4648587688
4657090646
4657095592
4657204893
4674268747
4686733756
4686754154
4691247108
4691255218
4695385921
4704531572
4704614824
4704857727
4705102135
4705186615
4705197613
4705362088
4709589651
4709706940
4716685449
4718555068
4719987419
4720950552
4720976050
4720998691
4721226234
4721823246
4722203498
4722447354
4722616621
4725404983
4725511674
4725780689
4726067613
4730249742
4730379319
4740196847
4740726829
4773985867
4784908855
4785142450
4785154676
4804838547
4818971037
4821773193
4822284374
4822464577
4824178016
4824188676
4824407095
4824429613
4824596238
4824751435
4824771434
4824941992
4825034367
4825132486
4825486749
4825506994
4825773674
4826076235
4831604238
4831619291
4832035086
4866240547
4867217504
4879096314
4893128718
4911514669
4911547324
4911809949
4911845339
4950134286
4969268084
4999143346
4999170502
5002711075
5002793404
5002951981
5021001179
5050068689
5061944641
5062018185
5066232754
5085378932
5085567922
5085702414
5122674610
5122827657
5132144203
5132732369
5161784795
5170830667
5181412939
5181498157
5182157009
5194274513
5198420146
5214669336
5216323731
5218332727
5242230061
5261056198
5292233066
5301485531
5306844451
5320127563
5320278644
5320428712
5322757902
5322845546
5323200147
5326249445
5326311684
5327626746
5328038455
5333680675
5347249238
5349320534
5349382496
5349417025
5349911371
5350603677
5351554922
5356783835
5361853034
5362220230
5362286524
5362303113
5362434871
5362505957
5363117039
5368136564
5369847791
5377644343
5377964691
5378093162
5378197457
5390410715
5391440664
5391549075
5391586769
5391933198
5392389912
5392595368
5393160339
5394891811
5394937768
5395299035
5395731081
5395880841
5399314446
5400382611
5400427708
5400659337
5402741262
5403853326
5403865891
5403932983
5404004161
5404079179
5404095000
5404180893
5404212719
5404384413
5404473317
5405229459
5405266569
5405597393
5405613244
5405835227
5406435250
5406514784
5406578497
5407489222
5408214767
5408866554
5409053024
5410196453
5410381756
5410521163
5417805213
5418245124
5418467199
5418485201
5421942706
5421949157
5424213620
5424565825
5424783323
5428842049
5429235388
5429392859
5432063563
5432083378
5432242108
5433311011
5435348668
5435833583
5436373702
5436467706
5436801786
5437008316
5446069856
5446183643
5460746213
5461660317
5469453551
5469468635
5469476069
5469645705
5469680388
5470934962
5470966819
5473141364
5473167784
5473191776
5473208611
5473306638
5473315393
5473445093
5473460637
5486732261
5489726539
5491018838
5491092166
5495617714
5502202269
5503256826
5504585834
5505965777
5515464155
5515485812
5519936157
5531949183
5532272019
5532308054
5532825471
5533170364
5533606496
5533977102
5533986687
5534139918
5534389395
5536058505
5539539327
5540679561
5543348054
5543460581
5545295763
5545336221
5545624375
5545888813
5546561458
5546707777
5547866659
5548806076
5548982102
5549684945
5550663868
5552759771
5552859979
5555590189
5580205664
5588623466
5588650315
5593565270
5603704160
5635110107
5635651485
5635863730
5654877014
5658890950
5659039912
5659558404
5659834853
5660337586
5660343576
5660569430
5665715214
5665822335
5666223722
5670752680
5692508584
5692615489
5693050454
5693219199
5694385514
5750353146
5758502056
5758524328
5758539196
5758836443
5776626671
5783737553
5783806673
5783903226
5783922057
5785323841
5786428594
5787020476
5787257358
5787676563
5795811158
5813389449
5815386525
5817493303
5817796909
5821484875
5821642746
5821670516
5822019619
5822334775
5824788658
5824814862
5824825645
5857217274
5857239115
5857265350
5857293428
5858377046
5865272426
5879352477
5879532558
5879595780
5880267135
5880279392
5880869155
5883237236
5883566555
5883664490
5884036049
5884155703
5884945023
5885089622
5885190629
5885564522
5885576657
5885790560
5885807610
5885824045
5885831479
5885949874
5886532356
5886577422
5886664052
5887942803
5888047681
5888067895
5888141807
5888238084
5888348676
5891027982
5898247459
5898509654
5898826531
5899024337
5903787473
5903820957
5911385665
5927780346
5943880667
5951712762
5951761760
5952212207
5952911179
5953300863
5953389951
5953410625
5953670363
5975444607
6004675700
6007575453
6010114216
6051341807
6057923414
6061634390
6061738623
6071216572
6072861259
6076186607
6076296001
6076310010
6076399681
6076631525
6076662276
6076684548
6079888183
6083286491
6083591448
6083722008
6086141915
6088101513
6088425302
6093646964
6133774350
6149860202
6149871169
6149885024
6150199996
6150602275
6151782998
6163038775
6168239763
6168772356
6172579147
6176531644
6176568262
6183241507
6184958478
6185069715
6185098285
6185603199
6191407927
6194312411
6196478570
6197093400
6198687768
6206344360
6207897594
6214528905
6215255556
6250859851
6257035063
6257093155
6257212010
6257220458
6257415561
6257723683
6257757137
6258314705
6271697995
6285540120
6290985210
6293262145
6293583876
6293914915
6294055858
6296957116
6296980310
6297363204
6299052128
6299154149
6299203516
6299342432
6299425222
6299798071
6299853551
6300114948
6300370415
6300950900
6302869825
6311959044
6341268351
6383576426
6405124632
6413575489
6427516717
6444300650
6451393130
6451663866
6452110934
6456924020
6469519251
6491903256
6512066021
6573961476
6588541034
6614134941
6614837446
6615066157
6662004535
6669444550
6682932842
6692993212
6698294163
6706550317
6706651355
6711113681
6712287092
6714048393
6743445897
6743620540
6744044169
6824627767
6830292873
6830459560
6830799507
6831548768
6831905427
6837537325
6880058904
6880127963
6885912692
6886299304
6886428420
6886693073
6886896378
6889294534
6889342734
6893755017
6893985448
6932488052
6932524118
6932542488
6960393640
6961163329
6965746446
6997711743
6997880303
6997894650
6997910808
6999056849
6999161819
7001234190
7001861615
7002059913
7002401059
7002518624
7002599786
7018370820
7018556707
7020133195
7020529914
7020601338
7044585087
7044763017
7044972282
7045002080
7046486040
7053442185
7059542993
7071630115
7071944564
7071955777
7089203398
7090289535
7093802182
7093837756
7094385371
7096884013
7098268471
7112146723
7117261971
7128059928
7130940205
7131202738
7136429869
7140659091
7142373206
7144807121
7167281842
7167822422
7182415159
7209387933
7209693259
7210024145
7210230368
7210683887
7224251959
7224265046
7233282810
7237581183
7259044632
7267166386
7268185030
7268352362
7268472170
7270805016
7281902524
7304461142
7311060689
7325777504
7330218817
7336364353
7340583223
7342536370
7342689724
7342949953
7359579549
7368257212
7424226564
7426865934
7429183942
7430220804
7430485856
7437850208
7444543727
7444815814
7444826351
7445298149
7446675173
7446893777
7447076806
7447348555
7447959484
7448712616
7449023563
7449492842
7449778938
7452341569
7452573997
7452774537
7453038360
7455112605
7471858661
7499031883
7500544475
7500663976
7500987211
7502355849
7502554085
7503837290
7510615136
7511461103
7511658449
7511825074
7513500973
7538650607
7558214824
7567311907
7567980220
7568000864
7570093633
7605587183
7606188005
7607002792
7607031331
7607041960
7607052804
7608309743
7608343843
7608352229
7612579608
7616002369
7625256739
7635399561
7648103510
7648359960
7652162083
7654210246
7660952426
7718920974
7724003475
7746585440
7782248687
7782492973
7783137018
7790541613
7794396451
7804918173
7874685812
7898404540
7954723393
7960880388
7961485418
7961575489
7961641660
7961691181
7968588005
7968723357
7991877359
7993061646
7993556637
7998067470
8035432544
8041378707
8095231328
8114031599
8115698774
8140427114
8153212133
8153371939
8153563662
8171541743
8198900115
8218415794
8218505773
8218571360
8219632244
8219644717
8224233025
8224577949
8228682571
8228691665
8236087351
8263739928
8264073609
8264797157
8271695026
8329026318
8382639784
8382902593
8408209699
8408250034
8408349935
8408375494
8408389871
8408550936
8408635754
8409286926
8410357426
8420618643
8420935766
8441547258
8446290180
8460419291
8489732499
8514959487
8518745819
8524123939
8526423115
8527717748
8555692179
8565884430
8568251130
8573678033
8573695174
8573715726
8573728536
8574635913
8574791755
8575824316
8578543190
8584517861
8587958132
8594643634
8595662278
8595860883
8596016695
8612594467
8623158184
8637064114
8637150099
8642832500
8642978451
8643934765
8671904004
8672037114
8672049555
8673524084
8673560273
8717349912
8719829539
8719875311
8719897553
8720635140
8720661344
8740767830
8741782112
8742374209
8743090600
8743457427
8765264511
8771480457
8785252847
8790084120
8809822335
8818789257
8834105542
8851548635
8852274825
8852335005
8883208237
8911339247
8920618746
8942418211
8944808841
8949740169
8968076230
8970607558
8971049865
8974710859
8993337901
8998535264
9001040019
9028410618
9037891424
9038542749
9044590135
9044703307
9051877564
9051955869
9080334299
9080456841
9080591302
9080965226
9081896227
9098605664
9099219235
9142682259
9143396622
9143492192
9143690090
9143765539
9144348727
9144378802
9145601888
9176793133
9183907209
9197822232
9204014923
9205374253
9205511725
9205697089
9205714630
9213767418
9214589085
9214837610
9214859759
9239904362
9242209437
9243028248
9245159479
9245176221
9245311236
9245319438
9245891690
9246283032
9247704969
9247717318
9247968454
9248070691
9248305053
9248414847
9250686345
9257441581
9276610031
9282034753
9282052233
9297411465
9297454196
9298467619
9298842525
9298887653
9299004604
9299021838
9312236906
9312429336
9313038575
9313130152
9313659642
9313730543
9348200841
9348525828
9368288649
9390858694
9396284430
9398566619
9398909085
9407910906
9407950872
9411923183
9412606335
9432837605
9433219301
9434033934
9434155677
9434971723
9435797999
9435817568
9453297893
9457610551
9458627629
9460934977
9461101295
9461110266
9461116963
9461245925
9461254987
9461270102
9483015192
9486905235
9486934849
9487089402
9489963196
9490129852
9490277830
9490494744
9496051716
9498588604
9501039415
9501373679
9501559843
9502848577
9504753893
9504767502
9504888754
9506392682
9510714525
9520636778
9532310440
9533160032
9533781498
9534326839
9535911960
9536220451
9536654340
9537128626
9542804146
9542941802
9545301713
9547776946
9547796392
9548132591
9548141961
9548827601
9549024608
9549034346
9549768001
9551604197
9551843659
9551853736
9552948043
9555523608
9561054683
9584923386
9600538792
9605583231
9605713606
9605760547
9617327517
9618352797
9618405298
9619149551
9622791223
9625236412
9678817960
9795487297
9801468143
9812063994
9820366166
9828480178
9840607113
9844345921
9844584923
9844599238
9844764819
9844903397
9871707396
9871725121
9871737931
9872571734
9912040913
9912170920
9929799499
9936911947
9960197400
9986693984
9995074185
9997148430
10011766911
10011792163
10011837475
10011898945
10014785857
10022388842
10027975520
10029493764
10030980735
10047320518
10059541764
10059550795
10077575725
10081305747
10084749797
10084852740
10093128155
10095611345
10095765344
10096023546
10140011145
10152813367
10158333075
10158377650
10158881765
10159579508
10173936654
10220444768
10232600119
10237239699
10237429733
10241900384
10244354574
10244372207
10246057169
10247057995
10250796527
10250806388
10259884456
10268677380
10314346408
10330826643
10341226500
10348724330
10351191331
10370704582
10404684558
10412828123
10417897169
10459891900
10495799003
10527102836
10529565720
10529573585
10611713151
10664499757
10678109577
10688114589
10748617445
10752099956
10778695059
10779002443
10779033931
10779376060
10782904559
10784222662
10784835096
10784941142
10787384580
10787486417
10791193061
10792145412
10792159113
10794220824
10794251698
10795215907
10806668445
10860573137
10870081929
10872141736
10872853211
10872860737
10873912191
10874200129
10876672413
10876706973
10881320534
10896796348
10897245751
10898709928
10898792718
10898946533
10903316576
10920869124
10921762369
11013379209
11020161663
11020168175
11020213887
11020237510
11029840152
11029928964
11029965244
11031250139
11034983786
11046310865
11056271517
11064890536
11068549687
11068560378
11115319105
11128087412
11128100714
11146738784
11148304060
11150127200
11190005692
11193165060
11193272979
11194755711
11204477946
11212014391
11212049965
11231249842
11359331936
11377104654
11385794758
11397098367
11397932538
11398176762
11398423443
11421580148
11441759133
11441950611
11471017507
11487508156
11513428248
11516780169
11540412451
11549449261
11567227939
11623155050
11629789034
11666289463
11670331877
11673409315
11674015236
11687569668
11689485889
11700734263
11717980256
11748486783
11752091283
11752630726
11752641171
11752880480
11755305763
11760343044
11760849985
11777987260
11778015031
11814833811
11848321530
11848445024
11848702734
11863519543
11863564486
11863748714
11872224424
11895528308
11923524335
11952692975
11960854726
11992414580
