1247545061
1249203019
1250068463
1250253244
1257629147
1258719492
1258941259
1259212978
1265226817
1275343528
1275503548
1275604832
1275918022
1276539457
1276851880
1281489862
1281627058
1284095379
1288657545
1294573572
1294726281
1294845628
1295008321
1295120941
1295345473
1295987736
1298233798
1298995132
1299136045
1299315695
1299526219
1299747219
1299985576
1300108056
1300132387
1300349423
1302876266
1305459880
1309714938
1309823871
1309956305
1321849092
1322058264
1322414555
1324983883
1333364361
1368387465
1369217366
1369335761
1370131624
1370334652
1370462079
1380791187
1381047300
1382500847
1387573180
1388012200
1388110565
1388524271
1389336447
1390653106
1391296751
1391500271
1391844581
1392460978
1392586008
1392772387
1397728137
1400625402
1404200134
1405694539
1408986894
1416234510
1416563245
1429112027
1433163043
1444607625
1444788381
1445021608
1447930884
1448350243
1448558616
1471150964
1479047602
1480436699
1480586459
1480872186
1480946405
1481062987
1481204177
1482188538
1489669472
1489960974
1492246204
1492260765
1492549564
1492816183
1494455126
1494654714
1494896388
1500073722
1503012090
1503730446
1509462706
1509709541
1514598629
1514936119
1515314682
1515475777
1515834925
1515873571
1516202305
1516896024
1518299222
1520692340
1520859273
1520887259
1521127950
1521157595
1521310888
1521412049
1521470539
1521664229
1521938282
1521968818
1521977942
1522920278
1523087272
1523229229
1523250579
1523453485
1523515846
1523673256
1523861323
1523959658
1525675063
1527221170
1527308660
1527481276
1527579488
1527818244
1528025020
1528351881
1530621106
1530766289
1530921240
1531139045
1531389259
1532324960
1532436904
1532575574
1532687610
1537510926
1538609965
1539628978
1539745929
1539835969
1539931048
1540054112
1540168913
1540253085
1540399712
1540568826
1545622388
1557434874
1559946326
1563147350
1576866717
1576992393
1578511098
1583237247
1585078450
1585102780
1585488439
1585821352
1587559397
1588737233
1591603040
1591891470
1591936659
1592173480
1593535973
1593553729
1593654245
1593733441
1593794574
1593899360
1594001227
1594076891
1594251196
1594464547
1594901416
1602040682
1602302509
1602559082
1602999976
1604009711
1608330264
1608650797
1609035227
1610720372
1611349027
1611814465
1612343218
1614356852
1614437677
1615000682
1615977455
1616055730
1616186198
1616279095
1616407474
1616475672
1619564261
1619754172
1619845718
1620761389
1621361719
1635065696
1635170820
1635284822
1635414122
1642520672
1642746648
1642927005
1643610372
1645340522
1645612763
1645934401
1647595063
1647875752
1647973042
1648110483
1648306600
1648823187
1649023113
1649100220
1649179908
1649202610
1649244512
1649279471
1649292343
1649311420
1649325551
1649498106
1649761099
1655038673
1655312511
1655589329
1655749349
1655945312
1655957876
1660395165
1660794157
1664639871
1665314543
1665774422
1665847228
1665913338
1666240383
1666534189
1666844307
1666974836
1667110588
1667249412
1667637160
1667965956
1668100602
1668365439
1668671195
1668850077
1668960024
1671839932
1672265588
1673118437
1673731670
1676086204
1686484924
1686793537
1687529404
1687683403
1689741490
1700734458
1703803355
1703970810
1704001806
1704084965
1704148740
1704216969
1704231684
1704416864
1704537379
1706159302
1706264611
1706287896
1706303072
1706315514
1708152447
1708264667
1708417591
1708650571
1708797137
1709814061
1709938907
1709975187
1713636458
1713909375
1720899956
1722260238
1722997825
1723088726
1723398568
1727699060
1727883841
1728164714
1728447185
1733611616
1743811025
1744112572
1748787941
1755386597
1756268353
1769345550
1796855802
1797029400
1799897696
1800118665
1800582875
1801044904
1858577227
1858714730
1859312849
1864349085
1867452328
1867501295
1887062347
1890523140
1903263738
1903552628
1903951528
1904098984
1904496685
1909305563
1913897834
1914132996
1915238179
1915611979
1915859030
1916190191
1917096278
1917108965
1917588750
1920159277
1920533047
1922336157
1923330748
1923835386
1925578807
1925886314
1926174621
1927413252
1927642116
1928039571
1928131240
1928308586
1930456191
1930571022
1930672644
1930799917
1930891217
1931009611
1931196420
1931474866
1931625885
1934586710
1936043851
1936221628
1936321990
1936474239
1937350342
1937929998
1940120979
1942422644
1942525587
1942602971
1942619314
1942954070
1943144718
1943281299
1945026994
1945928503
1946547265
1947251245
1947347153
1952732307
1952871039
1972514205
1972701874
1973307396
1974625745
1974794213
1974995275
1980731805
1980871981
1982277697
1982458484
1982603299
1982854803
1983160375
1987957733
1988169916
1988298049
1988457148
1993082536
1993372840
1993838586
1993993998
1994078693
1994290999
1995236929
1996644243
1997226694
1997820819
1997958967
1998067347
2000252891
2000579322
2000755101
2002114584
2002266648
2002802559
2007378272
2010255630
2016525029
2022047348
2022531680
2022674835
2022768654
2022907508
2026788827
2027015971
2028133073
2028407126
2028713404
2028844548
2028964786
2034459519
2035631702
2036027160
2036166383
2036365664
2036618121
2036824867
2037019447
2037219803
2037888024
2038750058
2039040946
2039373797
2039528134
2039745939
2040782647
2045885024
2050870358
2050960060
2054699575
2054849765
2063979135
2064054460
2064070650
2064217952
2064373180
2064658108
2064830908
2066466257
2066980755
2070330126
2075526783
2076125946
2076310819
2076978702
2077260527
2077704247
2086736142
2092011657
2101249591
2103940294
2108968636
2109783546
2118712774
2125047761
2126008099
2126142867
2135778840
2137172238
2140649097
2140693057
2140794955
2143662145
2147926143
2151442477
2151518509
2158125275
2161263937
2164693579
2170031057
2173603455
2177169279
2183002822
2184098267
2209777053
2211641696
2212762669
2212801652
2212819869
2220715309
2220814811
2224630696
2229660451
2235327645
2240044302
2245056977
2247305312
2250167617
2250664575
2255142844
2257798158
2258339352
2258398212
2258410991
2258658748
2261415223
2262517149
2265934350
2266917175
2267564353
2276498467
2292594395
2293435386
2295677239
2300468453
2300575236
2301310304
2309531959
2311897798
2318400086
2334504892
2335172407
2335230867
2337658761
2357647835
2357742452
2358789482
2361957175
2363553140
2363670368
2370524123
2372450298
2380073343
2381959858
2386387931
2386405134
2389067421
2396981569
2410279704
2419178029
2422157254
2435428939
2437532061
2441577978
2441614135
2442169553
2459451519
2460050251
2460295520
2465953345
2469673691
2470253101
2484165882
2484301572
2484442730
2484651933
2484955478
2485188796
2485420579
2485628891
2488387178
2490519423
2498908102
2521283229
2521453848
2521646524
2534387183
2543992805
2545100077
2549767182
2554572404
2558239973
2560214040
2560364722
2561369297
2564489681
2565462460
2566001842
2566124875
2566173290
2566452811
2566742317
2567273865
2568742650
2570392682
2570677917
2571176933
2571623663
2572839438
2572998015
2573233791
2585868036
2594466717
2594560014
2594781628
2605369645
2605550770
2605762093
2606632145
2606780952
2606919530
2607101085
2607369363
2607556878
2607792593
2638832142
2650637316
2656497187
2685968050
2686393706
2700687077
2712302401
2715696531
2716231243
2716405795
2723280470
2724122443
2726093101
2727835539
2729556351
2755772799
2756000434
2756207149
2772506290
2794567151
2794733316
2797903098
2798564745
2798957193
2799543822
2799755053
2799995007
2808801140
2814971467
2815614959
2816494319
2816583807
2820560419
2820576270
2820721207
2820989669
2821127940
2821617033
2826424068
2826511374
2832910166
2834426075
2834676320
2835871512
2840892143
2841095848
2844641151
2873011808
2879824459
2907734655
2908427176
2908563235
2932620865
2934282295
2934427232
2934763462
2935673880
2936134435
2972600733
2973332207
2973808183
2974011058
2974516187
2974936682
2976926939
2977085577
2977114915
2977265688
2977320923
2977339723
2977436184
2977552306
2977738377
2978292566
2978444660
2986127179
2986215684
2986288951
2986423474
2986631817
2987065921
2987314200
2987376623
2987468660
2987561251
2987671382
2987871707
2988101431
2988564658
2988867311
2990487546
3011989211
3012179613
3012432316
3012731713
3013140781
3013325500
3013675063
3013751832
3014015471
3014133160
3018008826
3018644637
3018685649
3018915895
3019077144
3019164266
3042497366
3069297094
3075680987
3075825770
3080092072
3080454076
3080741093
3081015822
3082165057
3082227450
3082453518
3082621649
3091335930
3100427452
3100678435
3100858607
3102311878
3102515736
3102719287
3103009161
3103725521
3104292458
3104480311
3104634034
3104686043
3104801274
3108510406
3118737524
3127202912
3127471589
3128060430
3128369780
3129683828
3133937350
3138318022
3138487597
3144559620
3162194958
3163577389
3163608047
3163623868
3163698303
3163767300
3163835099
3163854268
3163871379
3164034042
3164743090
3165726406
3178102388
3190703978
3240149047
3244795078
3247056500
3249659590
3249706930
3249853649
3250554095
3260513366
3264717183
3273701062
3273873617
3275456803
3275607331
3275851616
3276064045
3279501766
3282955370
3283042830
3284665030
3285214458
3303453444
3303534422
3303659360
3308936841
3319630842
3320390332
3320864772
3331252740
3331340568
3331997731
3332427104
3332637352
3344061259
3344334637
3373401440
3373567512
3373675555
3373929824
3373981188
3374066313
3374092517
3374169563
3374237700
3374249005
3374465857
3374898026
3375265714
3376494790
3376634566
3376812128
3376925792
3376941674
3377382015
3385474154
3386393450
3386478883
3400381618
3403668228
3404067434
3415312306
3418159866
3423281750
3426127497
3426217906
3429148348
3450490699
3450657632
3451338909
3452774516
3455043741
3455173011
3455324553
3463276333
3463395649
3466847133
3467079131
3470409885
3474315288
3474424221
3474526304
3476765515
3478792667
3478911953
3479174977
3479531176
3480050036
3482542964
3484077428
3484204978
3484350959
3484472641
3484670601
3484782667
3484902107
3484937005
3485126670
3485245894
3485509165
3485551589
3485657665
3485782849
3485883549
3485931688
3485975525
3486140000
3486296395
3486483542
3486655205
3487192682
3487244292
3487369445
3487517024
3487611242
3487739283
3487980343
3488087034
3488275194
3488444184
3488805667
3488984426
3489108596
3489156458
3489292640
3489960186
3494481187
3494877935
3495246115
3495388195
3495552086
3495661664
3497555921
3497865732
3498063661
3498898538
3499084763
3499191883
3499366373
3499704139
3499729821
3499929901
3500098646
3500203094
3500352024
3500385509
3500683186
3504227752
3504489640
3504618418
3504792785
3504890812
3504937322
3505024843
3505042876
3505212666
3505332719
3505368416
3505430747
3505493784
3505952096
3506015072
3506134020
3506227962
3506302949
3506321934
3506419347
3506446596
3506478145
3506662342
3506800183
3506913816
3507076786
3507201724
3507439958
3507520075
3509758335
3509815197
3510101293
3510146451
3510169768
3510321125
3510934204
3514167484
3514973700
3515068809
3515203240
3515412412
3515439753
3515499964
3515566196
3515664132
3515774785
3515800498
3516042326
3516162502
3516334196
3516382765
3516510714
3516702376
3517135098
3517271279
3517513507
3517569939
3517712388
3517738899
3517755181
3517959868
3518232324
3518337847
3518451296
3518619089
3519125876
3519224334
3519379562
3520215453
3521155178
3521243283
3522421856
3522827053
3524672157
3526609821
3527094982
3527232577
3530816004
3531040168
3532824570
3537867964
3540153962
3541124468
3544098410
3544205039
3544287185
3544438726
3544643537
3544778244
3544907237
3545014173
3545044740
3545150048
3545650815
3545967077
3546243772
3551815428
3552189567
3552328052
3552383441
3552466569
3552490500
3552605792
3552727013
3552793768
3552964479
3557017430
3557359405
3557490733
3592236343
3592763099
3595727057
3596597323
3604698833
3604855873
3608776790
3609140361
3609309905
3609515268
3678808744
3707660691
3728566081
3728882036
3729059537
3758692049
3761082403
3761998934
3762319343
3762597451
3762777256
3762857281
3767184316
3767425284
3767640938
3767845103
3768856559
3779159249
3779340097
3779424485
3779714666
3779919354
3780117037
3780505092
3780985706
3789579657
3789770674
3793682835
3803182196
3805362733
3825704319
3846189367
3849080211
3850401263
3854064562
3854248790
3854614051
3855821777
3872705120
3872725641
3875164010
3880013070
3883450484
3884500340
3894761128
3894953435
3895437183
3895576436
3895645403
3895772399
3895783551
3896361947
3900031727
3905583016
3915684274
3915691555
3915825862
3918109710
3920025256
3920727361
3927487881
3944500955
3944560582
3948392779
3951560779
3951853418
3953601355
3953713391
3957479295
3961298774
3962134481
3962828476
3963296096
3969530044
3970257678
3973764858
3973866172
3975576877
3979322812
3981285851
3996422854
4005328920
4030295802
4031376777
4031552925
4032194513
4032320465
4032613472
4034583208
4034777665
4035111254
4039958255
4040473737
4040678947
4041047371
4041756911
4044573259
4044844763
4045036241
4045076883
4045223049
4045258684
4045288329
4045301231
4045480114
4045525027
4045646002
4045661915
4046647904
4048629436
4048899281
4049167466
4050783062
4055004543
4055257184
4055451918
4056003711
4056332384
4056698290
4057350353
4059328475
4059369916
4059603572
4059740768
4059826600
4059889391
4059958757
4060051286
4060147071
4060221690
4060340730
4060491841
4060554694
4060573741
4060590790
4060777507
4060916852
4061045631
4061070330
4061293111
4061467109
4061504342
4061962254
4062086824
4065231691
4065256083
4065551425
4066692520
4068991819
4069208426
4069615067
4069744429
4069858738
4069932957
4070581887
4071051503
4071806877
4071895105
4072330408
4076227608
4077130500
4078204655
4079262314
4080802461
4080926202
4081675002
4085212195
4085390278
4085558900
4085849757
4088739434
4089162479
4089272887
4089404000
4089572591
4091782189
4094227255
4097337041
4099590875
4099746472
4104866083
4147507900
4151633043
4151802003
4155537985
4155590455
4155664029
4155832559
4155949695
4158549866
4163279825
4176055382
4183419611
4210150895
4214208024
4214380579
4214543886
4229461948
4229914792
4230130139
4230203345
4230304383
4230634193
4230712529
4230915496
4234769135
4234914779
4235063955
4235221733
4235377146
4251342330
4251401957
4251620591
4251632849
4252019859
4252095953
4252459616
4270959907
4271219613
4272209658
4272441594
4318206499
4327852456
4328057020
4328351779
4328875094
4328973367
4332143640
4349985601
4350121138
4363010420
4363038652
4363141779
4363177384
4363344378
4363420348
4364010725
4364794761
4364874356
4364972107
4365050136
4365066664
4365084696
4365104081
4365114126
4365510537
4365729417
4366255067
4368431487
4368594118
4372577028
4375028668
4375216859
4375330431
4375395987
4375462219
4375568419
4375806038
4376107186
4376278542
4376324991
4376478867
4376779309
4376821211
4377179283
4377414045
4377576523
4378322958
4378533021
4379001440
4379529855
4381019130
4381383715
4381589661
4382189869
4382348968
4382592362
4382683908
4382988804
4383203936
4383522072
4384213303
4390190063
4390795432
4391557656
4391991115
4393470990
4393660993
4393895110
4400569460
4410140338
4413253472
4433534632
4433818945
4434185035
4434206632
4434408339
4434497827
4435066822
4459336513
4461330149
4461448052
4461598580
4463441350
4463784339
4465029728
4466903310
4467069935
4472009312
4472753105
4492332282
4494386374
4494566977
4502667227
4503261628
4503352467
4503644983
4507895279
4509463781
4509872726
4510132740
4510617256
4510766708
4511482484
4526985855
4527216838
4534492379
4534686591
4534771624
4535011731
4535439599
4535660783
4536491636
4539753885
4539877810
4540550793
4540750381
4540856488
4540979982
4547669170
4548095932
4548366606
4548716476
4551541825
4558757677
4558871863
4558969092
4559045093
4559212087
4560948750
4566620276
4568042551
4569095940
4569408639
4570065647
4571766061
4576698403
4577067933
4577122769
4577420753
4577513711
4578370431
4578411196
4578585839
4578652348
4578779652
4578995306
4580311290
4580504703
4580707731
4581374755
4582362126
4582396102
4582822926
4582933549
4583090835
4583425345
4585594423
4585721327
4586210052
4587177087
4587382081
4593223459
4593402556
4593582299
4593877088
4594142847
4615070386
4619671167
4619974035
4645398552
4650636589
4651232004
4651356235
4651424342
4651647830
4651709055
4651927750
4652004427
4652143190
4652273995
4652790583
4673041238
4673195360
4674558406
4677421265
4677581162
4677644660
4677768800
4677808091
4677890973
4677933889
4678018830
4678054189
4678353187
4678590253
4691354966
4691511453
4697211519
4697290162
4697364535
4697482254
4697665038
4697735940
4697909569
4697964404
4698017949
4698168508
4698257780
4698414667
4698843089
4698862166
4698931009
4699504029
4699851841
4700129611
4700224813
4700232247
4700400838
4700417120
4700851347
4701250062
4735776946
4735892760
4746718611
4747309050
4747565347
4757685221
4773676671
4789516855
4792597395
4793040992
4793064278
4793279533
4795061231
4795132563
4795223740
4795335223
4801533751
4802309400
4802454122
4822130405
4824404422
4868779370
4868959051
4869189697
4870763268
4871366363
4872814657
4883993481
4884325994
4884342122
4884484417
4884579926
4885046655
4927557175
4927796637
4928063287
4930360590
4930436253
4930446975
4930464024
4930577995
4930764988
4930893060
4931133198
4931711133
4932591476
4959353389
4977267327
4977414353
4977934964
4978071576
4978389620
4978513914
4978602725
4978714607
4978807044
4978879604
4978985005
5009936111
5010176710
5011403759
5011771662
5011976165
5012054839
5015071389
5015329192
5015522328
5015545491
5015715403
5015921873
5016026628
5016234909
5018602653
5018665353
5018754963
5018880977
5018964996
5019354034
5019696654
5056055310
5056305002
5056311883
5056431937
5061335924
5084608690
5084726071
5084839305
5084992874
5085254056
5094727121
5095597756
5103628087
5104251764
5106619969
5106644637
5108476932
5119382870
5130447691
5130657878
5134538213
5148436832
5151690234
5151913537
5153340819
5153634963
5155841949
5169957943
5170199003
5170726035
5171147391
5172560634
5173177491
5187690295
5187967881
5191810001
5192143651
5192300568
5192338139
5192402036
5192464429
5192480311
5192657289
5192674216
5192695689
5192778602
5192908886
5192993581
5195188525
5200349270
5204221925
5204373866
5204445751
5204964335
5215014721
5218026787
5218180509
5218461014
5220562077
5223393601
5223458052
5223545942
5223817937
5223912247
5228567955
5230481166
5230700384
5230805969
5230866333
5233773060
5236166117
5236376918
5236499153
5237339099
5242792483
5243201642
5244907002
5245545670
5245690392
5245956950
5246045669
5257662161
5257762308
5264606908
5264929161
5267621769
5267738228
5294968928
5301292179
5301426487
5301511336
5301641742
5380637270
5390116970
5394844287
5398318074
5428522346
5428748230
5429817471
5430379954
5430822015
5430913284
5475133249
5515805638
5515909411
5515921576
5516275132
5516496593
5516514164
5516603406
5516620026
5516871561
5536296954
5538920196
5539992969
5541109057
5541421172
5558887674
5562235386
5581005521
5581115683
5581279451
5596529473
5597233576
5598014601
5622042310
5639257092
5640418523
5641125605
5641338894
5641452466
5642309953
5642639794
5647520127
5661060397
5661155567
5661323360
5661476683
5681324906
5693046921
5693628205
5694149738
5694314551
5694481176
5694807484
5695302291
5695426922
5695979083
5696166967
5698326245
5699886207
5700237889
5730928859
5731232434
5751169806
5751269953
5758623092
5759809745
5759976370
5760842029
5761108156
5761306761
5761401071
5761604223
5761688580
5761788266
5761961312
5762101334
5762184339
5762370932
5762530984
5762964043
5764197267
5764527323
5764715790
5766881212
5767155665
5767264936
5767414603
5767557083
5767873284
5768073486
5768183034
5768332087
5768469958
5768673233
5769014378
5769667793
5769995329
5770139437
5772795334
5772989362
5773296593
5773417384
5773681268
5773986379
5774075836
5774168027
5774255763
5774456918
5774567571
5774618106
5774973259
5775197761
5775885674
5778131183
5778735169
5778925111
5779064703
5779339677
5779451345
5779676737
5793975484
5794069211
5794355337
5794503008
5800665010
5800996632
5802146052
5802203252
5802384255
5802482989
5802513432
5802590693
5802635759
5802714310
5802891043
5803038867
5805931524
5806205515
5806466359
5806544695
5806649788
5807874318
5808440457
5809084717
5809174081
5809512462
5809612548
5811058753
5814308346
5820516243
5820822982
5821097588
5821213096
5822207256
5824065386
5849987322
5850090879
5850288531
5851103686
5854020796
5854160173
5854257555
5854367686
5854658205
5855535630
5855639617
5855792726
5855885592
5856865161
5856939565
5857883191
5859647963
5860325523
5860472242
5860568119
5860584278
5860618469
5860709339
5860721043
5861573554
5862756796
5862897678
5872116627
5884839407
5885095028
5885365672
5885785768
5885929138
5886064306
5886214987
5886482927
5886677508
5886917247
5887074257
5887381149
5889206624
5889335648
5889828366
5895063300
5895131652
5896125229
5896216252
5898724970
5898884591
5901028571
5901697837
5903095812
5905989359
5907951323
5909192534
5910451009
5910758117
5910895374
5928885528
5932001796
5932291977
5936031092
5942499250
5945889202
5946036504
5948138275
5966041153
5974191538
5974653352
5974883997
5978243537
5978804269
5981353814
5988860952
6002441466
6002550706
6003317293
6003562162
6003728357
6003892586
6004200370
6004774281
6006304260
6006706938
6006959241
6010627516
6010668835
6010922244
6012937906
6016782145
6016860451
6017000534
6017103968
6017251117
6017346072
6017408495
6021545957
6021649299
6030930579
6034550532
6034633629
6035104506
6035228983
6035262959
6035579345
6037438458
6037668765
6040815016
6041014020
6041385025
6041537519
6056850610
6057238880
6060503986
6060764000
6060896649
6061006780
6061070555
6061139091
6061307990
6067724107
6068057850
6068197103
6074757329
6074899040
6075093498
6075226515
6076719845
6077266139
6077399218
6079910148
6080359397
6082581467
6084348297
6085523859
6089485756
6090206632
6090307915
6091250344
6099995283
6128936288
6137026584
6137142491
6137776244
6137873565
6137962715
6138059391
6138205710
6138375223
6140620947
6145985396
6154411677
6155926204
6172889727
6178481166
6194434707
6203909370
6205156356
6221487814
6229495566
6232918450
6237199251
6243423400
6252742987
6254067634
6269120587
6269311451
6271800846
6271952818
6272173295
6273679988
6299542849
6344541352
6344679837
6344753320
6345465686
6348831154
6350853329
6351793330
6359304431
6361545640
6367708041
6367878537
6371327410
6371598913
6371834013
6372302217
6372427186
6372572154
6372788822
6373006135
6373241972
6373412468
6373426385
6373556852
6373691775
6376332128
6376855720
6377034356
6377739964
6377866162
6377952116
6379704017
6379780448
6379899150
6380193908
6380283549
6380325144
6380352055
6380409471
6380424124
6380624019
6380766038
6380908118
6381000769
6381172279
6381324804
6381439205
6383144995
6383278074
6385330507
6385496150
6388252133
6389170323
6389498812
6391952050
6392094990
6398669684
6399338735
6407117469
6411373050
6413551282
6416969251
6417644415
6418501380
6418573910
6418596888
6418667483
6418762223
6418870450
6418941905
6419083339
6422922234
6423069413
6423151435
6423259201
6423284822
6423937530
6424504836
6424624920
6424701198
6424810100
6424935499
6425154441
6425282298
6426530175
6426697537
6427272278
6435622465
6435803775
6435945425
6436624644
6437415622
6443788056
6444863011
6445037592
6445382731
6445501526
6445646033
6446926749
6450949042
6454343264
6462013126
6469555224
6469734260
6469888383
6470102624
6470175215
6479468077
6479691350
6479907711
6480023740
6481458856
6481593993
6481696567
6481937012
6481979160
6482036269
6482170730
6482189408
6482265716
6482300491
6482341994
6482362208
6482396645
6482430345
6482457317
6482589997
6482608736
6482763749
6482813792
6482875601
6482903894
6482993412
6483008833
6483069167
6483187531
6483377750
6483404261
6483485792
6483504900
6483597244
6483707222
6485525631
6496959860
6497229183
6497353906
6498236307
6498403762
6498792124
6500465320
6500712308
6506668026
6509233146
6510156712
6510782294
6513759062
6514023131
6514513483
6515149019
6515233560
6515398895
6515523588
6515589298
6516046719
6516110401
6516167172
6516278347
6516385837
6516444543
6516465770
6516639185
6516785258
6516975569
6517224892
6518855325
6520163076
6520617701
6520709769
6521098408
6521242915
6521326657
6528321355
6528512403
6528603181
6529187905
6531258187
6553012771
6553921898
6553981219
6554298157
6554483429
6554993289
6557651767
6557918755
6558031159
6558156097
6559749820
6559792152
6559806222
6559816913
6559843485
6559949777
6559977978
6560002615
6560130226
6560147921
6560186751
6560512413
6560766744
6563563954
6563780653
6563872229
6564045306
6568494760
6569317073
6569664946
6569947570
6591210909
6593866039
6597923875
6601368907
6601653252
6601664987
6602046345
6602433509
6602560690
6607975551
6616698187
6616861126
6629259442
6629732745
6629983328
6630103044
6630347698
6633652494
6633766281
6634018369
6634784710
6634873215
6634979137
6635064662
6635158634
6635205390
6635221948
6635298011
6635332479
6635353030
6635393519
6635422396
6635458799
6635493912
6635519594
6635544938
6635593568
6635614181
6635630647
6635648434
6635700750
6635715311
6635733774
6635765170
6635805536
6635828422
6635932502
6635979718
6636007796
6636242743
6636290420
6636563491
6636791771
6636963956
6637005736
6637041125
6637138692
6637254598
6637317697
6637360951
6637379997
6637409335
6637419227
6637443035
6637457381
6637565823
6637848754
6637887277
6637915293
6637975597
6638025885
6638381777
6638735118
6639180650
6639551717
6639685165
6639756681
6639834556
6639913322
6640106981
6640215269
6640388745
6640562006
6640659450
6640753606
6640847333
6640954976
6641022683
6641156499
6641244727
6641370464
6641610387
6641779808
6642940625
6643536193
6643714031
6643768651
6643985381
6644181805
6644304562
6644365940
6644415400
6645353558
6647091357
6647426451
6647572340
6659456772
6659604689
6668540707
6669181771
6671106564
6676745312
6676824170
6676877101
6676897990
6676982993
6677141508
6677242638
6678016536
6678618065
6678893684
6689660676
6690061449
6712615213
6713887174
6715225768
6719410876
6720247843
6720316594
6720426264
6720445987
6720590493
6720670949
6720730484
6720779237
6720815456
6720927307
6721042170
6721148768
6721203296
6721313673
6721697642
6722333884
6722436520
6723682554
6723722244
6723780581
6723873478
6723945363
6723994669
6724127011
6724773421
6724818948
6724893505
6739085316
6740339921
6740706779
6740866554
6740982460
6741595201
6742905686
6745211898
6745412376
6745575254
6745727963
6746200221
6764672864
6768965370
6769333887
6772049227
6772236742
6772521302
6772853078
6772942719
6773463607
6774270038
6774484555
6774932760
6775016011
6786586423
6786757134
6790546999
6796234899
6796325462
6796398115
6796482164
6796563173
6796944715
6798293446
6798648416
6798798084
6798881274
6798914021
6799031679
6799229823
6799310770
6799362533
6799497148
6799507316
6799853899
6800059263
6800757405
6800950266
6801202170
6801261951
6803117316
6805804148
6805880150
6805939286
6805963647
6805999098
6806067849
6806177181
6806391791
6806825711
6807127965
6807203045
6807316986
6807401189
6807477559
6807542870
6807868102
6808165963
6821634410
6828941254
6829103395
6829270112
6829350076
6829377540
6829496365
6831144063
6834595363
6835060771
6835144114
6836278358
6836398842
6836587770
6836710496
6836758266
6837565833
6837728864
6837906333
6838023530
6840102168
6840336838
6840417171
6840527149
6841397907
6842772043
6842810443
6842884847
6842932832
6843065911
6843118504
6843272442
6843371114
6843458113
6844001028
6844358547
6844884412
6844926161
6845064677
6845164763
6845181167
6845249335
6845290285
6845354520
6845409755
6845489197
6845739135
6846114625
6846275936
6846382504
6846415313
6846475677
6846512357
6846583290
6846796579
6846856329
6846990422
6847133485
6847239039
6847280756
6847562889
6847647277
6847772614
6847854299
6847911407
6847947995
6848110627
6848544331
6848946241
6849063745
6849182509
6849313161
6849593358
6850724100
6856900325
6859788097
6860026423
6862672920
6865214017
6869468154
6870081079
6870338328
6870601660
6872796543
6874596858
6875150923
6875276691
6892790102
6895933157
6896690559
6896951802
6926897197
6933254455
6935956525
6958870788
6959009857
6965978351
6970634244
6974396614
6974548003
6974712969
6975067570
6975546925
6975754346
6988231643
6988553251
6990212223
6990931839
6991304933
6994030565
6994380619
7001503420
7013969719
7014160183
7014326716
7019007123
7021164036
7021605421
7021620627
7035516973
7035640989
7036281194
7036458080
7036725037
7045924509
7052590811
7080607113
7098501943
7098691823
7109993803
7115494680
7152260038
7155953934
7156173889
7170006030
7194154131
7207452758
7213008685
7219694862
7219880779
7220024918
7226995101
7232572471
7233883447
7234108102
7234206806
7234409097
7234503592
7234516986
7234868791
7234983899
7235199645
7235821449
7235979073
7236109449
7236119832
7236230609
7236249440
7236271589
7236389492
7236425865
7236774199
7236981620
7237027086
7237187782
7237320493
7237408321
7237544995
7237892100
7237997746
7238026100
7238204399
7238362638
7238676013
7239702368
7239971506
7241165254
7241510148
7241720549
7241846132
7247230058
7250484320
7251396643
7251878701
7252400326
7317833681
7330866395
7330907560
7331021930
7331195990
7331295676
7331462701
7331711410
7332398063
7332481898
7332661579
7336247525
7336507447
7340265855
7340650039
7355209046
7355530285
7359568306
7360137025
7360887484
7364278051
7364465350
7364605587
7364878289
7380719947
7383271581
7385081512
7386498011
7386614470
7422049038
7423627002
7423781185
7424104298
7429145327
7439918371
7449700233
7462621495
7476659275
7476947736
7477267808
7494560434
7497028540
7498039720
7499282620
7500144500
7500436095
7519849199
7545874968
7560318406
7567290372
7567360352
7582709078
7583237185
7583574122
7592848490
7599023978
7617641834
7617751412
7619145302
7622342394
7628377092
7639283491
7639872608
7641178822
7642302283
7645517377
7645620259
7645754505
7645958977
7646191098
7672228479
7714278568
7714472933
7714590222
7714676330
7714798657
7715081066
7715384580
7715743144
7717386848
7717809156
7717945891
7784839612
7784924676
7899725162
7902675450
7902867511
7903253631
7903425263
7903512447
7906373001
7906673289
7906914963
7906934194
7908230701
7908382058
7908485001
7908753002
7908889153
7915096559
7915145988
7915236704
7915658029
7915766716
7915984582
7916734304
7918405687
7919128221
7919188771
7919213469
7919239889
7919317549
7919331680
7919383075
7919395608
7919453485
7919472654
7919482085
7919585827
7919601064
7919629387
7919642566
7919657650
7919670522
7919733590
7919745847
7919763327
7919785322
7919799085
7919853981
7919878158
7920467613
7920548683
7920864823
7920988379
7921770664
7930313035
7930531485
7930658943
7930729322
7932357667
7943189170
7943329591
7945099462
7949832186
7955098392
7955170093
7955242807
7955312111
7955420860
7955445498
7955537074
7955596363
7955679369
7955775123
7955834720
7963406401
7968951208
7969337358
7969521647
7969691683
7969736349
7969837357
7970011140
7970045546
7970075375
7970176352
7970182957
7970408657
7972170449
7973292988
7973410523
7981444049
7981591412
7982131747
7994081181
7995823681
8001875767
8002100484
8002303942
8002501687
8014066569
8014211567
8014309257
8014412230
8015077195
8015430199
8017271095
8028520728
8032100776
8032310563
8035020220
8035099109
8036890761
8042352931
8046007627
8046142120
8046245923
8046271819
8046777317
8048935919
8050719768
8050804371
8051135594
8051174547
8051432042
8051547642
8051649202
8051730917
8052170551
8052804274
8053068435
8064452622
8070379370
8070456201
8070554382
8070707521
8070947045
8073388456
8073790550
8074428082
8074537599
8077005951
8079063392
8084149672
8089750603
8089889519
8090026162
8090116847
8090196136
8090381316
8090425215
8090574637
8090643603
8090792964
8090864634
8091788538
8092043698
8093531713
8094193944
8094389539
8094518839
8094807730
8094863425
8095194403
8095462926
8095597449
8134662752
8137872439
8138372591
8142643132
8142941300
8143177722
8144506024
8144777865
8145250277
8154954295
8155040188
8155370735
8155586267
8157262842
8172453083
8172582598
8172787869
8173069695
8176495988
8176640772
8176883583
8177171921
8177292220
8177793939
8185943218
8186930098
8187173769
8203583717
8203688749
8204382714
8206062821
8206160879
8206538889
8206619437
8206991947
8207048749
8209833916
8236463517
8236790440
8237233299
8237485910
8237566396
8237662488
8238618986
8238748041
8239193880
8239308773
8239471466
8242481842
8243030532
8246554730
8246819875
8246922387
8246990309
8247153002
8247412955
8247822790
8247970707
8248069134
8248655456
8272121542
8272486281
8272520288
8272939770
8273475864
8273754679
8274014509
8274123380
8274552570
8274599295
8274845178
8275185801
8277779306
8277822560
8277841176
8277975730
8277993117
8278025189
8278209048
8278394228
8278816168
8301640759
8301796448
8303567640
8303832047
8304432070
8306786973
8307205595
8307356061
8307893539
8307973503
8308059642
8308128823
8308216252
8308816767
8309577670
8309917618
8310109833
8313671418
8319190296
8319462168
8319895474
8320023822
8326346582
8327016186
8343021398
8343228604
8343332069
8343473227
8343719909
8343822667
8344622555
8345859680
8346146175
8346414268
8347351474
8347488362
8348960895
8349444520
8349603066
8359884742
8389255213
8421125830
8421251383
8422263853
8425222987
8429008398
8429254957
8430132781
8439169837
8461264644
8465767766
8465893902
8466131337
8489273911
8501769117
8505034315
8520057747
8566347841
8644650479
8644788136
8644937035
8652282403
8683278330
8683387324
8684116248
8690607845
8691269216
8707988515
8711583062
8711758627
8712012189
8725963524
8727782762
8731494783
8731640058
8734045495
8735965034
8739745069
8747415423
8747687663
8747967154
8774124773
8776327796
8776974575
8777148573
8777242116
8777655668
8781932230
8782379452
8785079924
8788586981
8801117085
8805893216
8805940893
8806037354
8808013879
8819808424
8820024938
8820135991
8820210333
8820289652
8820644284
8823996604
8845374867
8845456367
8861966371
8863263860
8863970021
8889241491
8889561962
8963378098
8990674170
8991241169
8994847051
8995367233
8996305668
8998540548
9000520237
9000912408
9001134207
9001229746
9001332627
9001348663
9005314861
9005420384
9005543172
9008939360
9010314479
9010621126
9017472792
9021859793
9021925841
9022018953
9022195163
9022297675
9022411339
9022485037
9022784250
9043064119
9062431051
9074631039
9074696196
9075481522
9092911558
9109077344
9112005144
9112138961
9112236558
9112551684
9133014921
9133402638
9135544037
9135853541
9176404955
9228897601
9234159507
9236487530
9236998465
9241468778
9268238217
9268404013
9302852806
9303130269
9303659268
9305732253
9306599080
9308024948
9308247607
9308615172
9309424306
9309822744
9323714175
9324041435
9328338180
9332563132
9343646939
9349453510
9371922733
9385078941
9385501372
9390980622
9391188719
9391897030
9392099936
9392660084
9392849842
9413651675
9428426551
9445423589
9468719640
9471116875
9481788666
9482653034
9483628886
9484233885
9486473773
9487137294
9487269974
9487351320
9487515979
9487696152
9487920285
9490283913
9490410541
9490605981
9491647697
9491744772
9491884886
9492032587
9492177402
9492502173
9492876005
9493577251
9493697396
9493850536
9493924171
9494189500
9499301984
9505420148
9515205144
9515897880
9516132827
9516639676
9522801402
9523072659
9523906154
9525572776
9526106505
9526823325
9527107393
9528311310
9528428323
9528775704
9544144398
9549127489
9549533946
9549778292
9552567638
9552905496
9558713665
9566428287
9568482748
9592425824
9594451992
9594600462
9594720086
9594767118
9594865606
9594942621
9594960593
9594972942
9595203311
9595460407
9595631087
9595932881
9596485994
9596671144
9596685859
9596700543
9596939176
9597322408
9601266364
9607044735
9612211624
9612459933
9616024559
9618361460
9621015484
9625303627
9625994397
9637596942
9641815443
9641871046
9642254616
9642496659
9642618833
9643073980
9674519279
9675551748
9676238893
9676472918
9676958232
9677933193
9678176895
9678743064
9681374509
9686264395
9686753857
9699016728
9699540781
9699841652
9704773503
9705040859
9705146720
9710719850
9716930728
9716950143
9717070411
9717633263
9717987127
9718002149
9718159067
9718345875
9718447988
9718523099
9719569729
9719592462
9720735400
9727781277
9728400715
9728779800
9728924737
9729179805
9729299030
9729394507
9729575018
9729745975
9729926731
9730070931
9730269167
9730541777
9731280470
9731587793
9731702593
9732563798
9732776872
9734192419
9735716868
9735929450
9736959369
9737097640
9737265340
9737410062
9737575243
9738370277
9739915309
9740345082
9741459019
9741796079
9746073962
9747431602
9748775510
9752379857
9752542980
9770581641
9770744150
9772672598
9772893044
9773049163
9787353809
9809184516
9809339037
9809781805
9809900568
9812879179
9813409622
9819354986
9824983566
9836797188
9841471359
9841661331
9841825560
9848799031
9849831991
9851237462
9859210838
9859412637
9859672867
9874254053
9874348579
9874594953
9874914994
9877160779
9878449729
9878560475
9878735210
9878813024
9880123908
9883224324
9891030737
9906030698
9929036660
9932419608
9932677626
9932737714
9934138239
9934333649
9945093574
9950246670
9953397313
9954671579
9975419590
9975483549
9975528247
9975579396
9975702583
9976236343
9976434979
9985771862
9994644351
9994653812
9994858377
9995397974
10001914546
10005347659
10005375338
10010652328
10014290006
10014361798
10017461784
10017695103
10035276005
10040267053
10052181498
10080174268
10101263179
10171512938
10171699839
10185007896
10188898001
10269878347
10272390537
10273802520
10278534998
10287260338
10300755603
10329402065
10401920680
10422079174
10440510744
10444815108
10444872861
10482024523
10505486493
10508902650
10509255131
10511257430
10511996952
10513168398
10544861331
10545230985
10545273993
10545592682
10545623433
10546044573
10546133508
10573067790
10587756927
10593810149
10594002763
10594082390
10594227081
10594381142
10594579777
10594685700
10594728032
10594891954
10595037536
10595111725
10595313064
10595437572
10598992767
10632201332
10650954664
10744696897
10748189300
10760387629
10792052207
10837002971
10854389876
10854464035
10859543525
10859697309
10859730118
10859748212
10859826426
10859943162
10860130431
10860192915
10860208644
10860773861
10863894767
10864113555
10864366350
10864542499
10864710752
10864801468
10864870619
10864982716
10865312649
10865843245
10867702388
10870089793
10871191689
10890126053
10890392088
10894166163
10894210584
10896481714
10896577069
10896807653
10896881227
10897074364
10897183082
10897196814
10897550401
10899842820
10900271855
10900973715
10901024741
10906014652
10906122879
10906378653
10906553911
10906952902
10907186743
10907286214
10908278255
10908605638
10915186845
10919440244
10945734691
10946604189
10946642897
10953701431
10962508425
10963789172
10963845605
10963864068
10964398473
10964447256
10964701741
10971465117
10978169327
10979163365
10994237024
10994247499
11001081778
11027057443
11034602490
11051082295
11051108591
11051136362
11052052863
11058793660
11063995754
11064839387
11070938259
11078418149
11078442418
11117025140
11117113338
11121994008
11151704580
11151868348
11151975868
11152260888
11166548115
11173475444
11264325513
11289348305
11289456470
11290657622
11291161000
11291274080
11291369251
11319017988
11319034884
11376996919
11377082228
11380098717
11387942394
11445934473
11454613180
11454756612
11455065962
11455941021
11456174463
11456320598
11464195147
11493714548
11496811647
11496929120
11508144623
11539060003
11539229116
11541343574
11541447776
11541583282
11553357705
11562146543
11574493956
11591309254
11642348077
11751436855
11809188643
11809538451
11809785440
11823036082
11823359072
11823532394
11851380965
12002435045
