1418370994
1465074671
1602362198
1781316888
1796361793
1797126537
1830901641
1834663274
1836695279
1984867485
2034764660
2122661462
2122666346
2123575228
2123585304
2123596701
2156718545
2156726194
2225051805
2225108852
2225152444
2225313079
2225444653
2225452916
2242058981
2261683624
2262674374
2290055878
2290090377
2295565725
2333721379
2333727953
2333739565
2336631269
2336766591
2336774056
2336784408
2337652678
2337675534
2350304618
2350321852
2350489768
2357649924
2360761276
2360773810
2360818876
2360829075
2364680841
2364691501
2371944554
2372320813
2372334606
2387269963
2387276415
2387291805
2387381047
2387389311
2387402490
2391146705
2397037848
2397047003
2406136068
2450814714
2529709019
2657665099
2849867698
2850569035
2858933477
2859057524
2859243903
2859313975
2859496052
2875789971
2875797774
3135138564
3186731944
3186749823
3207345494
3207360024
3214430816
3214468909
3214647392
3214656731
3215217647
3215234881
3218411759
3218935627
3218946902
3226258507
3490336014
3500765178
3507540596
3550368731
3699617796
3699630176
3714191487
3720728979
3722047666
3734000971
3841760925
3841776132
3903475593
3951286235
3951294068
3953955803
3954571923
3954642149
3954652287
3954686693
3955616803
3959909124
3959933669
3960178907
3970034989
3973678196
3980586694
3980602085
3981382742
3995620018
4030618392
4032895021
4053002090
4055735218
4057015290
4073618159
4203509323
4208742967
4220146907
4227952890
4231298789
4416734570
4454424385
4620484110
4647337568
4647826262
4648917405
4649058779
4649223346
4649618467
4649719259
4649739841
4649799438
4649830772
4649864196
4649957462
4649978781
4649993220
4650021298
4650206140
4650346715
4650361583
4650374179
4650403885
4650425266
4650449197
4650468458
4650487781
4650523693
4650542678
4657315178
4659999461
4660146641
4669091721
4669447274
4669744122
4670206335
4670365219
4670744641
4671008803
4671179391
4671369763
4671513809
4671601422
4671643078
4671674505
4671856828
4676839274
4680973848
4681006258
4681147539
4681561645
4681864114
4681882853
4682168395
4682203631
4682418395
4706122868
4715946756
4719393110
4719504715
4719540443
4719559121
4719580840
4719608488
4719619270
4719648854
4719667593
4719690756
4719720708
4719730938
4719748356
4719820886
4719926255
4720019491
4720032239
4720057123
4720072636
4720092543
4720131465
4720160895
4720171094
4720192905
4720218218
4720296370
4720311054
4720362633
4720409143
4720452520
4720536139
4720639420
4720669003
4720735850
4720766724
4720787460
4720868745
4720888805
4720942627
4720963455
4720987263
4721074292
4721199876
4721266784
4721299224
4721339252
4722286596
4722424805
4722443913
4722536472
4722835900
4722909167
4722946984
4723394820
4723576928
4723648168
4723774150
4723831013
4723856203
4723904250
4724137507
4724170684
4724405600
4724419147
4724463599
4724495548
4724517851
4724537020
4724608690
4724664600
4724722661
4724754979
4724764072
4724948054
4725001046
4725071487
4725099350
4728966230
4729399044
4729566898
4729600782
4735054166
4743904352
4754046929
4754130702
4754251032
4754274902
4754382575
4754648303
4755135523
4755292594
4755465056
4755482290
4756969169
4757524125
4757957062
4759296792
4759600705
4759976718
4763389403
4763415607
4763576918
4763617007
4763642720
4763697770
4763732238
4763806857
4764011667
4764082845
4764271343
4764283570
4764346577
4764401381
4764454281
4764526657
4764648769
4764724433
4764749654
4764776319
4764825839
4764871397
4764939165
4765052246
4765074057
4765120229
4765132548
4765184096
4765243908
4765299173
4765413974
4765483616
4765558419
4765663451
4765686982
4765797144
4765893636
4765917167
4765962879
4766109935
4766719512
4766959528
4767051196
4767119364
4767155460
4767175889
4767204059
4767262673
4767380238
4767474149
4767564712
4767663907
4767689588
4767817783
4767829119
4767944779
4768225560
4768376334
4768394428
4768442874
4768547690
4768579885
4768626948
4768646209
4768743899
4768802635
4768929079
4769145163
4769279041
4769748627
4771695200
4774919878
4776521803
4778182404
4788114763
4788216662
4788626927
4789154513
4789242495
4790516945
4790890500
4791155091
4791165874
4791289215
4791358058
4791644092
4791918115
4791998693
4792110760
4792224577
4792594907
4797312669
4800559835
4808715012
4814179424
4814193156
4814974949
4815465885
4815716622
4823392874
4823404763
4825055195
4855164389
4866032511
4894797981
4894807535
4894814232
4894828179
4895601678
4895916619
4901257169
4902335748
4902400014
4902413347
4902446586
4903007840
4903757408
4904035301
4904077480
4904123652
4904147183
4904196643
4904212310
4904428486
4904563562
4904691726
4904760017
4904889501
4905058523
4905147365
4999799218
5001025867
5017169227
5032837687
5042976516
5090697332
5107020189
5129870770
5164099178
5165525661
5167023384
5167387816
5167759712
5168216303
5168249604
5168516253
5168855310
5183549669
5183563217
5183585396
5183596609
5183610218
5183630801
5183642659
5183782680
5183791773
5184198383
5184575656
5184595101
5184666955
5184746735
5184785842
5185124929
5185151901
5185488408
5185568465
5209296838
5212253454
5212401801
5212604092
5212714930
5212861710
5212876148
5212963393
5213024188
5213043634
5213087318
5213122062
5213132230
5213309331
5213440874
5213972177
5214107037
5214133149
5214380353
5215503538
5216413802
5232813705
5235286296
5246231187
5246344114
5324599566
5324797372
5324807264
5324896536
5325002582
5326926883
5326962333
5330741569
5338744160
5338830944
5338945683
5339297796
5339395547
5339613321
5339774232
5339935174
5340081187
5340315211
5340505706
5341117096
5341249990
5341310017
5341619091
5341892714
5342079031
5342237362
5342360242
5347092289
5349507772
5349561286
5350215653
5353754382
5353983799
5354121701
5354150394
5354163665
5354238376
5354512490
5356597487
5356652753
5356671707
5368232165
5368456329
5378096296
5390140133
5390207226
5390216042
5390230849
5390242277
5391625998
5418625161
5422070962
5453939613
5453975525
5453992544
5462474766
5463008587
5463146182
5463850469
5463863679
5463884722
5464238063
5464257079
5464265619
5464445946
5464597149
5464642154
5464664150
5465247645
5465284786
5465554047
5465973743
5466030330
5466066948
5466251329
5466497734
5466534813
5466552877
5466575579
5467092504
5467743000
5468837615
5468933615
5469129855
5469430849
5469639469
5469657225
5469730922
5469820809
5470607610
5470855090
5470879205
5470916960
5470935361
5471152029
5471539654
5471595442
5471668709
5471685175
5471695190
5472152488
5472309190
5472341201
5472453359
5472499839
5472514707
5472567883
5473009514
5473153560
5474499434
5474905583
5528439638
5528450820
5537414547
5545856004
5575343302
5621215205
5621227647
5622383825
5668542714
5669972392
5669989349
5692604154
5692611096
5693094906
5693699598
5703606798
5703615400
5716777660
5716785770
5716804387
5716931598
5716942289
5716951351
5717133336
5717206911
5718144516
5718441701
5718455402
5718477152
5718767210
5718971437
5803824163
5935011250
5943996266
6058022086
6058028445
6064331913
6121562167
6121574209
6121582135
6121601581
6123360024
6123612788
6124217235
6124720982
6124890126
6125439123
6125734312
6126326870
6127103901
6127363885
6127379736
6127424311
6133685661
6134041123
6134257268
6134555683
6139594285
6169679087
6174690472
6175189579
6185077549
6185451565
6206568124
6206769248
6207809089
6208265865
6241341413
6269626300
6285890758
6286377210
6298359791
6306380200
6306867235
6307115206
6334457481
6334465222
6334481965
6334496833
6348440365
6348459995
6351111162
6366310803
6366321709
6366438107
6366545443
6368027007
6374193094
6375828596
6375906472
6376232534
6401788809
6401934237
6412875811
6412903059
6412919218
6412933042
6413138436
6413596471
6413772466
6420930103
6427198918
6434383128
6444246644
6452380195
6453914259
6454046417
6457648797
6457734537
6457828325
6460817565
6463111336
6463950698
6484833140
6494225043
6501070166
6522564735
6522580156
6545200582
6562761978
6573497358
6574358163
6576395391
6576508379
6576799082
6576808267
6584013060
6637970804
6642994815
6789013364
6881518227
6882764292
6882882103
6883046394
6883123470
6883161716
6883176984
6884042827
6886144198
6886406670
6886801483
6886938280
6886995235
6888198537
6889156141
6889315547
6940871080
6953218246
6998000603
7045136756
7093908320
7094083147
7094422481
7140643516
7194144762
7194155391
7204602955
7204608301
7330231044
7333126711
7356781203
7356799451
7359135246
7363107035
7363117971
7420939800
7426499997
7502450067
7502461034
7607217709
7607265755
7607278627
7607292788
7607306244
7607325044
7607353092
7607376316
7607393120
7608213866
7608599249
7608874592
7653391067
7653403078
7783341828
7783797498
7783988730
7833230432
7946533933
7946563762
7947806970
7948277569
7948305371
7948434579
7948467112
7948505082
7948524896
7948671584
7948844046
7948972456
7949007046
7949038411
7949062742
7980067516
7982270017
7982291398
7982339629
7982367738
7982381746
7982398335
7982431174
7982445029
7982626123
7982655707
7982678563
7982747191
7982854404
7982861070
7982980847
7983016575
7983106093
7983380975
7983445149
7983526250
7983646335
7983683629
7983761842
7983775205
7983801471
7983834403
7983861067
7983897133
7983912124
7983937530
7983999799
7984090607
7984155887
7984177791
7984196530
7984223103
7984236712
7984252993
7984273791
7984343371
7984355721
7984383584
7984392646
7984436361
7984456728
7984531378
7984584646
7984693426
7984814463
7984911538
7984944132
7984984744
7985000503
7985019089
7985046583
7985064032
7985083201
7985111771
7985143627
7985202487
7985564491
7985801343
7987569002
7987721373
7988456995
7988912879
7988986761
7989521934
7990120575
8002037631
8032882999
8033048549
8033794830
8034109434
8034302171
8034314920
8078314315
8078320429
8080529289
8081589436
8122549180
8122557044
8128621510
8147005403
8148891918
8148910442
8150232109
8150267130
8150799200
8192793993
8192905353
8193128626
8193505960
8193512380
8193532655
8193574158
8193602851
8193629731
8193640452
8193651695
8193693475
8193730369
8193763209
8193925687
8194113079
8194195747
8194268061
8194307690
8194376534
8194510780
8194594216
8194609668
8194625028
8194645917
8194679679
8194713716
8194727940
8194742440
8194753837
8194779918
8194915178
8195164102
8196217123
8254292852
8255395977
8255518550
8255788148
8255884425
8255950627
8256101769
8256194144
8256201117
8256231008
8256307071
8256505153
8268588159
8272137885
8337024331
8408734703
8408760262
8408946333
8419727425
8433655382
8518840959
8519167205
8522871300
8523854125
8526393624
8526407633
8527685923
8654951172
8658957336
8660514748
8661634246
8673320933
8680992915
8735558516
8876690774
8876698208
8876717347
8908538505
8911627862
8923518314
8923529588
8924948392
8988258748
9313047883
9313066377
9319652100
9368503904
9368523196
9417528877
9418736726
9996070127
9996222499
9996236630
9996558975
9996566378
9996664805
9997347987
9999865737
10015384037
10017632710
10017674152
10019696726
10019701518
10019714943
10021797482
10026890182
10031357300
10031737184
10035186917
10038437892
10049678524
10050277748
10050290989
10079528134
10079543095
10079615287
10079629326
10079805014
10211374903
10268036284
10268043104
10268076097
10268090413
10269263241
10269270061
10270875334
10271348576
10271354198
10280090106
10280096250
10280109275
10285563181
10306219002
10306227511
10307113937
10307132553
10307552280
10307634794
10309886386
10309895817
10309911361
10311179974
10322447855
10347442845
10570662168
10730136969
10774029736
10774250889
10774321053
10890907570
10890931593
10892697962
10937602707
10937609988
10972344201
10972360421
10983600531
10988635570
10988640762
10988651053
11003849988
11016820771
11053575837
11053584961
11055131130
11059192221
11063909738
11063955972
11064026351
11064036458
11064069175
11064146036
11064180750
11064189229
11073041811
11077880641
11111957938
11111969304
11111992252
11121198545
11121234733
11121861697
11121923629
11121930940
11122779642
11122786646
11125267009
11127860361
11127955593
11128030795
11128065601
11129224544
11129241286
11129532850
11129547626
11149720099
11150009696
11154423331
11154429874
11155073396
11161469178
11161506932
11161513414
11161526409
11161540417
11170923718
11172504170
11179314272
11179380627
11179469899
11179481727
11179866341
11179878875
11179891931
11195902857
11217588781
11329847433
11339835334
11401275979
11401285380
11402102532
11404220768
11404237326
11480092287
11521831182
11541294729
11542485405
11546103392
11551268253
11551284105
11555909247
11563377402
11563386740
11565329289
11565335802
11571377197
11574187555
11574754830
11574893992
11574980991
11577459511
11577464826
11577531273
11577666441
11577725577
11577772609
11585693792
11592553445
11592560357
11593647999
11597574353
11597580712
11597587470
11607806386
11607822084
11610403885
11611793780
11617541585
11622160951
11622166542
11622174898
11622184913
11653331736
11654571012
11654805989
11662821912
11662828271
11666486839
11667657210
11667676287
11671964645
11686498584
11688260346
11688277426
11703953842
11703959433
11705078532
11705086488
11705094506
11705156714
11705171767
11707184296
11707219777
11707236950
11711023681
11711314600
11711327963
11722447528
11722475360
11722490167
11770977847
11786534947
11786763811
11787586369
11818880864
11818890971
11824973899
11827482495
11827486888
11827560954
11827625957
11827639965
11827703064
11848960260
11860332865
11861257629
11861280024
11870508005
11926262747
11926267171
11926413183
11956488831
11962930262
11963032805
11963515293
12000326824
12002874740
12014678255
12024417417
12024441901
