4014836702
4354479983
4412461264
4415204858
4506761577
4520004702
4718303045
4722002795
4913152702
4916957452
4923293170
4938013733
4939330670
4951708139
5094762670
5103877295
5104690295
5113635233
5171985733
5236625358
5265148295
5292959077
5294870795
5299638545
5299757483
5324854795
5325661670
5333560077
5356558858
5361478139
5361711920
5373836952
5399672170
5401893264
5402050045
5402359889
5407258295
5418838327
5434782202
5435393827
5435943295
5436872483
5437638327
5439341014
5440273420
5440464483
5440595920
5440684108
5441003077
5441713045
5454653827
5456940889
5462211577
5471834858
5477112639
5478853045
5479257014
5484186733
5484508139
5485045795
5489506577
5490583264
5492361483
5495970920
5501256983
5502698233
5503845202
5503944170
5504152389
5504807170
5513103577
5515683170
5522915514
5523330045
5523457858
5551492077
5551805889
5554379545
5554546702
5555829358
5557938889
5563685233
5582928483
5583151077
5588088639
5588229545
5588491108
5588677764
5589179702
5590707702
5591060295
5591117889
5591751702
5592406764
5593224983
5623175920
5632597764
5632616952
5632756327
5633661452
5634220295
5635008358
5636929045
5636994795
5637029702
5637091545
5637138077
5637181577
5637210889
5637391077
5637474514
5637792014
5637905670
5637981139
5638993295
5639046702
5639058577
5639547170
5640263733
5640614702
5641084233
5641141577
5643154545
5645061920
5645338108
5646064577
5646718670
5647474514
5648801952
5650170702
5650288670
5650442108
5650473358
5650513108
5650588670
5650976202
5651586045
5651638170
5651867702
5652400952
5652483233
5652650639
5652900483
5653078858
5653585389
5654500358
5654751608
5655677077
5656002858
5657203139
5657791420
5658073952
5658257952
5659986920
5664260702
5665416327
5665901420
5668405045
5668785045
5669098952
5683482608
5683984045
5692585483
5692691295
5693586327
5693697608
5693798264
5695243452
5696676795
5705375295
5710748389
5711460827
5711513702
5712983108
5716243014
5716695295
5719514358
5719741889
5719969170
5720080077
5720247889
5720919295
5723877045
5723906702
5723941702
5724144202
5724399327
5724556420
5725901920
5726013295
5726495670
5726696233
5727234983
5735554577
5735748420
5737361045
5737560139
5737638889
5737838389
5738235045
5739141733
5739841514
5742078483
5745631577
5753788764
5754043577
5754081889
5754210889
5754331920
5754684670
5754713420
5754927608
5755233420
5755369108
5755496514
5756033795
5756214014
5756292702
5756459670
5756661670
5756825233
5756837545
5757104420
5757245295
5757303514
5757351639
5757390952
5757435077
5757524170
5757596827
5757668264
5758421827
5758943452
5759306795
5759585327
5760305920
5760571827
5762689952
5762781827
5766514608
5768404233
5768455514
5773411764
5782275139
5783667827
5786302233
5787717545
5789116483
5789260358
5789363733
5789392389
5789649014
5789717264
5789789514
5789809389
5789941014
5790003327
5790052233
5790103733
5790240389
5790320077
5790393077
5790410889
5790455608
5790649920
5790796139
5790883670
5791862420
5791995420
5792049702
5792331670
5792535170
5793323358
5793557452
5802406264
5802553952
5802957045
5803008077
5807237327
5807266014
5807282483
5807400889
5808238233
5808820233
5824089233
5824613858
5832723889
5833320077
5844797014
5845168639
5845494639
5845613077
5845859014
5846181577
5846445295
5851399233
5854384577
5854648264
5854743077
5855099389
5855172858
5855274577
5855940264
5855979639
5856637264
5856905670
5857705889
5857817702
5857932639
5857946670
5858073920
5858161014
5858285639
5865331702
5865554389
5869711358
5872974545
5873722077
5873901920
5873967233
5874236764
5874246639
5874339889
5874770264
5875214545
5875297764
5875487514
5875520233
5875731014
5876037920
5885823545
5888024545
5888238702
5888416764
5889042639
5889118827
5889302452
5889387327
5892156483
5892206170
5892280608
5892368327
5892741170
5893135514
5893259733
5893425389
5893516670
5893760983
5894010702
5894220920
5894306983
5894444952
5894557389
5894768733
5895261670
5895406014
5895988764
5896146889
5896223202
5898958295
5908085702
5913250983
5917705327
5919911889
5919920889
5933315670
5933499858
5934718170
5934785389
5935010545
5935699077
5936235139
5936624733
5941764702
5942090670
5951129952
5951851483
5959244639
5959363420
5959370139
5959480827
5959501608
5959661233
5959891452
5960941264
5961013702
5961294295
5961567045
5963458077
5963899358
5964414608
5964805264
5964927358
5964938733
5965247483
5965255139
5966521639
5966676733
5967162577
5967697233
5967793014
5968037545
5968133108
5968273920
5968519639
5968618670
5968811452
5968971514
5969330077
5969388827
5969823545
5970913983
5971156764
5971225733
5971450733
5971479858
5971535764
5971564608
5971583108
5971762170
5971819733
5971866827
5971876202
5971920170
5971998452
5972043170
5972105327
5972176577
5972257952
5972378202
5972530483
5972607108
5972708577
5972896295
5973047733
5973148670
5973247045
5973539139
5973683483
5973723389
5974000733
5974228952
5974235827
5974574139
5974708420
5974950139
5975050639
5975556858
5975990358
5976583233
5977669452
5979589327
5985449827
5986332389
5986445514
5987292702
5987361577
5987950108
5988063920
5988140264
5988187639
5988264858
5988360139
5988499045
5988583795
5988868952
5990535295
5991862327
5992564077
6001530670
6001537764
6006551920
6008202014
6008572514
6013620295
6013829389
6014087670
6014341295
6014364452
6014598139
6014840295
6015120077
6015263202
6015346452
6015587295
6015652608
6015829420
6015845420
6015868639
6015913264
6015967045
6016032983
6016238077
6026173983
6036236858
6036387170
6036950983
6037065452
6044607483
6045001139
6045360452
6045557483
6045572045
6045599920
6045643983
6045812108
6045844827
6045975452
6046141545
6046258952
6046842139
6046928389
6047007483
6047098045
6047124920
6047147389
6047175108
6047232389
6047250889
6047277545
6047293295
6047320514
6047334577
6047472389
6047492202
6047630452
6047832795
6047997295
6048554202
6049527358
6049694014
6049822545
6049913420
6050001733
6050104858
6050129202
6050201420
6050225264
6050295639
6050528670
6051502795
6051779670
6052405639
6053151045
6053966764
6054144733
6054282389
6054366889
6054807295
6054972295
6055009264
6055467014
6055490983
6055556920
6055589670
6055603545
6055651733
6055703452
6055733733
6055756952
6055784795
6055829452
6056038202
6056249702
6056427264
6057192795
6057438233
6057627108
6057687233
6067357077
6071692045
6074044608
6074478577
6074970045
6083947764
6090371483
6091523920
6093367889
6093394108
6093431670
6093512483
6093546545
6093555233
6093633483
6093679702
6093740045
6093843295
6094127764
6094350795
6094613077
6095418264
6095644733
6095807920
6095818764
6095851702
6095916639
6096131327
6096653858
6096993764
6098160264
6098225014
6098374670
6098467295
6099692952
6102455952
6102552014
6102712608
6102781077
6103733920
6103814639
6104081420
6104177827
6104263233
6104352670
6104414889
6104661139
6104924420
6105040358
6105107514
6105239670
6105270639
6105291545
6106232420
6106513327
6106705327
6107027327
6107857670
6108358514
6113591733
6114034389
6114223952
6114240045
6114343514
6114427139
6114517952
6114817327
6114929514
6115038764
6115073608
6115118420
6115309045
6124797702
6133608389
6135583764
6140584420
6140700608
6141594827
6141794170
6142076952
6142616483
6142703733
6147030420
6147129233
6147305920
6148678170
6149623608
6159927358
6160393045
6171699764
6176568733
6179087264
6180669639
6180692045
6180719827
6180821608
6181048139
6181181827
6181663420
6181722545
6181881108
6189211483
6189364639
6193569264
6193874514
6193955795
6193981608
6196089514
6196191358
6196283764
6196345139
6196809358
6197161233
6197219452
6197259295
6197794202
6197911108
6198141327
6198352827
6198380264
6198949108
6199186389
6199370545
6199481452
6199583670
6199614420
6199643077
6199909670
6200106295
6201160545
6201260389
6201723045
6201776639
6201850420
6201940889
6202185514
6202277514
6202492545
6202578577
6202661170
6202759420
6203485639
6203775264
6204232670
6206409514
6206537670
6206549983
6206682795
6206828889
6207075014
6207242952
6207984389
6209141545
6209996389
6212426733
6212617170
6213245639
6213568639
6213670545
6213944764
6214565952
6215150795
6220172014
6220333733
6221184952
6222222483
6240066608
6241639014
6243804889
6250912764
6250919264
6250929733
6250992108
6252260795
6257630202
6258923545
6259446483
6259656045
6259680920
6259814358
6260294327
6261121327
6261943483
6262389045
6268332077
6269277139
6269339764
6269491483
6269500045
6269554920
6269989420
6270068014
6270117639
6270293889
6270534139
6270568702
6270689264
6270826639
6270837858
6270922045
6271681827
6271700670
6271925452
6273314702
6276473295
6276571295
6277157420
6277964545
6278120577
6279895608
6280003920
6280149733
6281346295
6281780420
6282445264
6286441795
6286537108
6287267358
6287381920
6287452358
6287574389
6287624045
6287664702
6287746264
6287845170
6288032514
6288041920
6288138983
6288179139
6288341327
6288393764
6288478608
6288495920
6288528295
6288538420
6288564483
6288577014
6288674577
6288708702
6288776233
6288791795
6288817952
6288846233
6288862014
6288890920
6288975389
6288990420
6289056170
6289073139
6289122795
6289158795
6289188670
6289301295
6289318983
6289351952
6289374233
6289426170
6289516889
6289723702
6289888827
6304705327
6304732295
6305070295
6305373264
6305671889
6307565170
6307631295
6307808139
6309518545
6312850295
6312859577
6312923827
6313115202
6313228983
6313277639
6313436483
6313629795
6313811514
6313938920
6314033639
6314173170
6314239952
6314299014
6314375108
6314519170
6314628795
6314710702
6314736327
6314868295
6314900858
6317511670
6317666202
6317732639
6317758545
6317829983
6317873233
6317951108
6318082702
6318156452
6318166795
6318202452
6318215108
6318235795
6318354139
6318691920
6318778702
6318794264
6318893858
6318938920
6319032014
6319085952
6319135889
6319256108
6319342702
6319395608
6319445608
6319626077
6319672920
6319851889
6319914670
6319948139
6320037483
6320119920
6320197139
6320219014
6320248483
6320397577
6320407202
6320442170
6320571170
6320657327
6320703358
6320733452
6320758795
6320775577
6320835952
6320938608
6321039014
6321067764
6321357202
6321416358
6321494077
6321649420
6321754264
6321779483
6321942295
6322013139
6322028858
6322111420
6322124702
6322146358
6322438202
6322492420
6322560295
6322579608
6322609983
6322643764
6322759420
6322868108
6322941170
6323019702
6323130889
6323217483
6323365920
6323482483
6323551577
6323749608
6323779358
6323880920
6323950358
6324009858
6324021764
6324083858
6324231202
6324403827
6324562139
6324714108
6324773108
6324886389
6324941514
6324989452
6325042920
6325064452
6325142858
6325231202
6325287545
6327047014
6327274358
6327399045
6327482889
6328688889
6328748295
6328772514
6328819452
6328856608
6328925264
6328973545
6329136670
6329182139
6329292545
6329476014
6329710764
6329908014
6330029733
6330219452
6330273920
6330568858
6330906920
6332849639
6333602608
6334082452
6334301545
6334735483
6334801483
6334892670
6335075233
6335146858
6335159139
6335215639
6335267045
6335298264
6335340045
6335704420
6336350420
6336475639
6336700670
6343195545
6343979452
6344050670
6344123608
6355179420
6355603702
6359602920
6359752014
6360030545
6360450577
6360546139
6360677702
6360763483
6360792358
6361541733
6366129983
6371224702
6372534327
6374294264
6374523702
6379065077
6380523233
6380648295
6380847795
6380978514
6381196170
6381218452
6382020264
6382580514
6382739295
6383866983
6394493608
6394499202
6394576295
6394602452
6394624264
6394764452
6395343202
6395602202
6395647295
6396079764
6396449670
6398159014
6398179108
6399100420
6399436420
6399545514
6399708577
6399889483
6399988014
6400082545
6400177858
6404974077
6405114452
6405255045
6405568795
6405653514
6406492358
6411355264
6412861639
6426094983
6426393295
6426398764
6426527389
6426782920
6427660545
6427712889
6427816045
6427890295
6428133170
6428754452
6428900295
6428971264
6430011670
6430144795
6430353045
6430694170
6431060358
6431282702
6432775858
6432994514
6433062045
6433073202
6433129858
6433152452
6433247139
6433261764
6433332202
6433415827
6433515608
6433603952
6433693795
6433727764
6433748295
6433848045
6433878452
6433914389
6433994045
6434009045
6434049983
6434121014
6434168295
6434302952
6434427514
6434649295
6434699139
6434858983
6435003483
6435008702
6439456889
6439645483
6440645483
6440732920
6440751889
6440804889
6440925577
6443172483
6444296452
6444591452
6444996202
6449881514
6455574295
6457624295
6457629764
6457671670
6457995077
6458099045
6460765358
6461913983
6470550827
6474111420
6474313983
6474323702
6474654983
6475162452
6476978889
6477420639
6477427608
6477516733
6478400045
6478415108
6479428827
6481997577
6482011108
6482039108
6482114545
6482120545
6482269358
6482636827
6482793295
6482937827
6483214952
6483469952
6483629358
6483916952
6484122327
6484236108
6484512827
6484667077
6484933514
6488559264
6496653327
6497141670
6497197452
6497274983
6497398483
6497483014
6497506077
6497596202
6497660608
6497775639
6497833608
6497866077
6497902139
6497970014
6498032295
6498070452
6498130014
6498163889
6498221702
6498261420
6498377545
6498457295
6498487108
6498544920
6498579920
6498695702
6498758139
6498865670
6498990014
6499051577
6499129764
6499188358
6499195327
6499303389
6499348170
6499392077
6499441670
6499462795
6499473358
6499490858
6499539452
6499557702
6499701858
6499776952
6499849389
6499912233
6499940577
6499992545
6500007577
6500028639
6500059014
6500091045
6500141608
6500172389
6500326139
6500346733
6500369670
6500385077
6500448045
6500473264
6500536858
6500567639
6500596295
6500661014
6500946702
6501005420
6501132514
6501222608
6501318983
6501394233
6501437077
6501515108
6501594389
6501696795
6501770295
6501801889
6502376108
6502458483
6502549795
6502634577
6502657420
6502672545
6502721170
6502741639
6502808795
6502828483
6502887983
6502915233
6503080264
6503098264
6503195170
6503317827
6503514139
6503539108
6503588139
6503797920
6503896452
6504183733
6505177327
6505737827
6505775764
6506110108
6506198389
6506571983
6507426108
6507539108
6507644139
6508055545
6508335670
6508629233
6509037358
6509252483
6509371608
6509429327
6509566202
6509826108
6510034295
6510125264
6510998608
6511387545
6511512420
6511721670
6511821170
6511896358
6522045452
6522066577
6522075170
6522452014
6522759420
6522956733
6534959358
6536284389
6537053733
6538592389
6538671202
6541816670
6541909545
6542189670
6542330014
6542523827
6542662858
6542725639
6542851795
6543003639
6543066358
6543078670
6543168327
6543242702
6543254452
6543271827
6543299264
6543314358
6543365764
6543459920
6543520233
6543603389
6543727670
6543863670
6547751295
6548267452
6548955170
6550679014
6553340920
6553353608
6560557858
6562586545
6562740983
6563242545
6563274264
6563342420
6563459952
6563541233
6563568827
6563838827
6564036608
6564486077
6564704733
6564764014
6564881577
6564900295
6565125233
6565188952
6565262795
6565270295
6565293545
6565359108
6565396264
6565629920
6565770358
6565807389
6565931327
6566162827
6566251014
6566320202
6566404514
6566552952
6567600795
6567923733
6572162327
6572261983
6572281545
6572289420
6572298733
6572370827
6572404827
6572411452
6572500514
6572810358
6572842045
6572913295
6572968358
6573172014
6573250983
6573352014
6573430045
6574286702
6579405077
6579487514
6583806420
6591223264
6593477327
6597548014
6598802733
6598816670
6599238233
6599357358
6599420639
6599715764
6599807670
6599831139
6600655983
6600710795
6600739420
6600816545
6600862139
6601015202
6601045514
6601078670
6601222264
6601499827
6601581670
6602500795
6603108670
6603152702
6605721545
6605967233
6606336639
6606355108
6611989045
6614275483
6614462889
6614612452
6614802639
6614882202
6614925608
6615000889
6615128014
6615152358
6615274983
6615299670
6615423733
6615515639
6615740420
6615828014
6615867577
6615911264
6615964452
6616359733
6616422670
6616515264
6616784170
6617129764
6618601639
6618699920
6618773420
6618838858
6618943327
6619125545
6620274389
6620541545
6621040983
6621257170
6621714889
6622249889
6622911889
6622991920
6623113389
6623318670
6623512014
6623689920
6623862983
6624748233
6628620670
6628738264
6629147545
6629162014
6638749670
6639312733
6639320733
6639681077
6640728202
6648818295
6650685139
6652581077
6652873295
6653675764
6653788045
6654068295
6654271858
6654430920
6654681670
6655208139
6655292858
6655309952
6655329108
6655353295
6655369858
6655381170
6655397795
6655416514
6655425108
6655444014
6655480545
6655494420
6655618014
6655720670
6655753545
6655813139
6655854952
6655866045
6655999358
6656049452
6656068577
6656126733
6656221952
6656244639
6656303452
6656415264
6656539827
6656609827
6656650139
6656750639
6656879170
6656976420
6657243139
6657333014
6657412389
6657546702
6657728170
6657789295
6657825358
6657865420
6657886608
6657938702
6657979077
6657990077
6658020170
6658059514
6658074389
6658097639
6658129920
6658144452
6658184702
6658215233
6658289514
6658388139
6658416889
6658455733
6658483233
6658568702
6658621702
6658641420
6658815170
6658906889
6658964139
6659011108
6659030170
6659078858
6659098702
6659185795
6659286920
6659324295
6659362577
6659399858
6659570608
6659651920
6659665077
6659681514
6659795358
6659815014
6659902045
6659941108
6660027702
6660057202
6660169639
6660284639
6660665358
6660936389
6661013327
6661133639
6661328952
6661414358
6661465264
6666367827
6666838170
6667305889
6667424389
6667571420
6667797545
6667875077
6667937483
6668099889
6668272545
6668443733
6670052827
6670139795
6670155295
6670718014
6671088920
6671857045
6672127170
6673057733
6676274014
6676355639
6676439639
6688386514
6688597233
6688603545
6688958077
6689390983
6699240483
6702993420
6720397702
6721435889
6721684670
6721762608
6722752764
6723225952
6723236952
6723322920
6723333045
6723455608
6723581702
6723592327
6723712108
6723788577
6723899483
6724066295
6724542639
6724636327
6725014170
6726109608
6726242670
6726405733
6726426108
6726511233
6726615483
6726780827
6726840483
6726858545
6726969858
6727081827
6727136952
6727208264
6727278327
6727348577
6727380577
6727691108
6727862983
6727970764
6732301733
6732442545
6732875514
6733363670
6733421577
6733483233
6733505795
6733519045
6733597295
6733688608
6733765920
6733967670
6734045952
6734104983
6734160795
6734198983
6734363795
6734587139
6736926983
6737063295
6738673045
6738904889
6739037139
6739178670
6740575295
6745868452
6745899764
6745997264
6746640389
6746934577
6747013795
6754413327
6759040264
6760538108
6762389233
6762579202
6762945983
6763089045
6763127045
6763240014
6763255045
6763281702
6763351889
6763858577
6763913545
6763948639
6764023577
6764117577
6764541827
6764623014
6764722670
6765528202
6765898827
6766006858
6766104327
6766251452
6766289295
6766436608
6766528639
6766542545
6766676014
6766726420
6766749795
6766860483
6766872202
6766941077
6766976202
6767015858
6767095764
6767125108
6767224045
6767235170
6767272233
6767286764
6767320452
6767347920
6767365920
6767368139
6767433545
6767455045
6767479764
6767513577
6767603420
6767772295
6767821295
6767867639
6767931608
6767986264
6768070608
6768107670
6768241327
6768347702
6768443327
6768550889
6768629264
6769053795
6769145639
6770170139
6770888233
6771265545
6771359264
6771521139
6771628702
6771723420
6771897795
6771990358
6772196764
6772292983
6772450608
6772581452
6772692514
6773054170
6773176795
6773245452
6773912483
6774185014
6774262389
6774537170
6775210827
6775280764
6775377108
6775489983
6775511389
6775553702
6775570702
6775596483
6775611952
6775637139
6775680389
6775694358
6775736264
6775749045
6775770827
6775790545
6775834014
6775873420
6775936264
6776011639
6776037358
6776056795
6776093045
6776229327
6776311108
6776423295
6776455889
6776556827
6777051139
6777181514
6777255295
6777364577
6777443952
6777628295
6777955014
6778434358
6778537077
6778668295
6778745514
6778787702
6778802264
6778854295
6778864702
6778947827
6779249483
6779489264
6780262920
6781122577
6781505420
6781537045
6784010577
6790576295
6791879264
6792082358
6792253483
6792482327
6792549483
6792563420
6792842577
6792935358
6793155514
6793287577
6793398639
6793644670
6793839014
6794145983
6794929139
6797832233
6799061795
6801202170
6801486858
6801977702
6804747295
6807000702
6807060452
6807074389
6811497233
6811516170
6811630639
6811654920
6811756702
6811769733
6811881139
6812044545
6812433202
6815727608
6815948858
6816738577
6816753577
6816853420
6816931795
6817048858
6820506764
6820520420
6820638702
6825230670
6827456983
6827485608
6827654608
6827754858
6827833108
6827954420
6827973952
6828037608
6828097483
6828151170
6828204045
6828383795
6828528295
6828593233
6828646952
6828768795
6828913295
6829057608
6829069139
6836737139
6839882327
6843988920
6845045358
6845883639
6846681608
6846688733
6849304545
6849455077
6850191108
6851051952
6851313514
6860715139
6860722483
6860909483
6860961264
6860969952
6861043014
6861173139
6861873952
6864933170
6865157514
6865869389
6866103327
6866649077
6867017827
6867865827
6868038139
6868123014
6868227420
6868235889
6868348733
6868458139
6868564139
6868581608
6868760483
6868858077
6869332577
6871384483
6871651889
6871707327
6871795295
6871911264
6872070170
6873698920
6873803702
6873962733
6874076983
6874087358
6874131545
6874240139
6874332858
6874406327
6874497045
6874542358
6874625295
6874762483
6874814889
6874867420
6874981795
6875039358
6875356858
6875445108
6875935202
6876072389
6876140295
6876156733
6876198014
6876207264
6876233795
6876287983
6876323795
6876404827
6876479233
6877067764
6877141608
6877281483
6877318608
6877448827
6877507452
6877520920
6877605108
6877670358
6878173452
6878828108
6878959795
6879147608
6879973733
6879992764
6880005452
6880237014
6880324233
6880362077
6880407514
6880503264
6880629139
6880927202
6881045483
6881252452
6881377233
6881427233
6881824358
6881944483
6882113077
6882329139
6882369483
6882380327
6882426733
6882552952
6883165858
6883522858
6883699608
6884147233
6884398702
6884519202
6884597514
6884710795
6884739170
6884790327
6885010139
6885291952
6885483733
6885615889
6885965045
6886064608
6886212358
6886589295
6887551608
6887576014
6887824170
6887856702
6887897014
6887964670
6888044577
6888238733
6888338170
6888515014
6888688139
6888795827
6888982733
6889108358
6889183233
6889331170
6889474670
6889662514
6889888670
6889917670
6889986420
6890009202
6890029045
6890108889
6890178514
6890298952
6890426295
6890605327
6890679077
6890737795
6890828452
6890974733
6891122077
6891172358
6891252389
6891334545
6891465077
6891559139
6891913420
6892019139
6892514108
6892587483
6892688264
6892817795
6893269545
6893431545
6893583577
6895450827
6902560764
6903957264
6903967108
6904042545
6904180952
6907248483
6907267452
6907363733
6908581952
6908602233
6909018420
6911340702
6911673795
6911870233
6912930639
6914690327
6917719389
6917924233
6918215014
6918421108
6919247795
6919369858
6922046452
6931589233
6932033733
6932040139
6932427045
6932747764
6932839577
6932912202
6933095358
6933283264
6933323420
6934354639
6934381014
6934402170
6934429233
6934440045
6934469514
6934503358
6934564639
6934590889
6934675795
6934823483
6934862514
6934968702
6935326889
6935444420
6935584452
6935975920
6936255483
6936399139
6936478920
6936531952
6936585764
6936650545
6936893108
6937027014
6937272139
6937440608
6937594827
6937853202
6937939327
6938021358
6938046920
6938070170
6938201264
6938295858
6938324483
6938961420
6950252983
6950455733
6952929670
6957067920
6957317889
6957337045
6958180702
6958309077
6958434795
6958658202
6958729608
6958742702
6958798014
6958816514
6958908045
6959058420
6959318577
6959355108
6959375483
6959492233
6960293045
6960499264
6960890233
6960925327
6961048608
6961203108
6961515670
6961908577
6963218045
6963653639
6966069045
6966086577
6968655327
6968819577
6969978577
6970077858
6970177858
6970388702
6970498077
6970637420
6971152045
6971222139
6971235327
6971342670
6971543952
6971796202
6972394389
6972487358
6973315858
6974203764
6974291545
6974368608
6974557170
6974799108
6974878170
6974940108
6975005858
6975136670
6975233577
6975359139
6975413670
6975545389
6975654420
6975773952
6975843014
6975870077
6975984764
6976070952
6976246108
6976557170
6976854389
6976966295
6977083233
6977204858
6977363889
6977528702
6977878045
6978373420
6980220639
6980773702
6981175108
6981300670
6981425702
6981601920
6981768108
6981957670
6981975514
6982030077
6982348670
6982543983
6982903577
6983061233
6983151795
6983236670
6983287452
6983349452
6983736889
6984042483
6986209983
7008713983
7008985545
7008998795
7009217389
7009881733
7010951077
7012410983
7013194733
7019936483
7020711483
7020833170
7021376420
7026240170
7026292108
7026297920
7026319077
7026337639
7026403577
7026422764
7026634358
7027488920
7027547983
7027600545
7027655389
7027692295
7027871514
7027947264
7028104202
7028240795
7028372108
7028404702
7028500358
7028663452
7029958795
7030122233
7030251514
7030263295
7030332389
7030441764
7030455295
7030631577
7030644858
7030682545
7030900983
7030996639
7031289577
7031376920
7031457920
7031530858
7031548358
7031632795
7031692889
7031830764
7031900233
7032006952
7032077827
7032154202
7032466545
7033787233
7034230264
7034363264
7034475608
7034509702
7034529483
7034591139
7034607983
7034647795
7034669233
7034717670
7034739577
7034787483
7034806920
7034826139
7034920702
7034976108
7035064420
7035105889
7035168889
7035255639
7035341577
7035570483
7035639358
7035670077
7035789295
7035868889
7036024983
7036120920
7036320608
7038868264
7039341077
7039480702
7039572608
7040151608
7044187858
7044289295
7044306764
7044402827
7044414608
7044484889
7044497639
7044608264
7044657045
7047220264
7047702264
7047730608
7047763077
7047782358
7047809420
7047840295
7047852733
7047908077
7047968795
7056810452
7058355952
7066020483
7066028202
7066408389
7066424264
7066626389
7071906295
7072333452
7072411108
7072537233
7072595295
7072727108
7072730358
7073096170
7074631327
7075536139
7080384170
7083381639
7084073202
7084081014
7084620983
7084728639
7084734733
7084981889
7084996139
7085711952
7086515077
7086799389
7086914952
7087285077
7087388827
7087427545
7087464108
7088773545
7091509920
7091656233
7094499858
7094608389
7094876358
7095129295
7096341139
7096664108
7096873889
7096938827
7096968108
7097065452
7097372045
7097743764
7097885170
7098062608
7098242670
7098356045
7098575577
7104743952
7106042483
7112049577
7112137889
7112678327
7112689858
7118818639
7118838202
7118869952
7118894483
7118907483
7118990045
7119001827
7119092545
7119099858
7119651420
7119918827
7123619983
7124411045
7124538639
7124567358
7124591108
7124683077
7124699795
7124813389
7124883733
7124937952
7124947983
7125002295
7125052702
7125073702
7125098295
7125119045
7125164139
7125185827
7125210295
7125229889
7125303452
7126107139
7126322483
7126407639
7127374983
7127611108
7127719733
7127832295
7127862577
7128275764
7128508514
7128564452
7129552233
7129727233
7129843733
7129870108
7129920608
7129997483
7130207577
7130251764
7131095452
7131330014
7131469545
7131731733
7132030764
7132246483
7132314545
7132786483
7133550858
7133573639
7133998045
7134160264
7134257858
7134360545
7134467577
7134508264
7134589108
7134731983
7134909389
7135028952
7135408764
7135522577
7135790858
7135855795
7135953733
7135999139
7136110358
7136229670
7136314264
7136330077
7136372858
7136402983
7136493577
7136550670
7136607233
7136629952
7137169608
7137254608
7137311327
7137352639
7137417233
7137460139
7137502889
7137559202
7137637577
7137709358
7137746014
7137821827
7137889139
7137948170
7137999920
7138058327
7138089202
7138168920
7138190170
7138211170
7138267202
7138325514
7138356202
7138390170
7138576983
7138594670
7138673233
7138718827
7138950170
7139591577
7139686452
7139942733
7140070420
7140229139
7140305514
7140421358
7141319795
7141406045
7141686295
7143474233
7143493702
7143543827
7143575858
7143635733
7143684233
7143735889
7143777202
7143800608
7143833983
7143867764
7143909108
7143934014
7143975639
7144037202
7144315795
7144415733
7144553420
7144634577
7144669577
7144889295
7144925452
7145278545
7145291389
7145354077
7145365608
7145392608
7145436389
7145587077
7145827483
7146347108
7146668952
7146881858
7146990045
7147025577
7147115389
7147304795
7147509952
7147550514
7147650920
7147723452
7147855389
7148152295
7148664139
7150146389
7150393795
7150537858
7151063077
7151138983
7151266639
7151538420
7151640170
7151740577
7151841014
7152312327
7152631108
7152725045
7153175577
7154055764
7154644764
7155093139
7155751139
7156033514
7156259389
7156450014
7156848889
7160400170
7160513483
7160630264
7161241264
7161797358
7162078670
7162244577
7162722795
7162802827
7169857733
7170043202
7170138608
7170330358
7170658577
7171146920
7172562608
7175369295
7179279139
7179472389
7180003702
7180176202
7180406420
7181554670
7182971764
7183307420
7183507358
7183624514
7183638327
7183764733
7184082202
7187188014
7188916952
7191547983
7194106702
7194220764
7194445952
7194602264
7194773639
7194911827
7195185702
7195359389
7195690483
7195763108
7195992420
7196357514
7196442858
7196535764
7196900545
7197091858
7197305827
7197460077
7197691795
7204467858
7205307233
7205530608
7205757452
7205778795
7205796014
7205852983
7205862014
7205887420
7205920795
7205946389
7205969452
7206005670
7206019577
7206036920
7206156577
7206190077
7206284045
7206345045
7206369139
7206576670
7206634858
7206754608
7206796483
7206851545
7207079202
7207186233
7207205358
7207318264
7207350420
7207475608
7207600952
7207722014
7207873264
7207946483
7208005920
7208198764
7209028858
7209364670
7209499452
7209717514
7209746858
7209826014
7209936608
7210350577
7210470483
7210559233
7210715608
7210843639
7210919733
7210993952
7211085702
7211364264
7211427545
7211865420
7211982889
7212047858
7212130545
7212571202
7212755264
7212860139
7212996452
7213090327
7213177077
7213265295
7213402389
7213649420
7213752827
7213857139
7214055577
7214185920
7214467358
7217064952
7217081702
7220411639
7223443420
7231469920
7244676108
7247503639
7247706389
7247970295
7248230483
7248320514
7248351139
7248463889
7248482764
7248550077
7248572202
7248579639
7248621483
7248650139
7248695014
7248888389
7248934514
7249010045
7249088702
7250271764
7251050358
7262693295
7263266514
7263774139
7263781670
7263869108
7263878139
7263908858
7263966983
7264034264
7264066858
7264126077
7264158358
7264169764
7264232483
7264262545
7264338545
7264412139
7264440170
7264494702
7264704952
7265160920
7265374108
7265384827
7265443233
7265525295
7265560889
7265596139
7265743670
7265804483
7265881764
7266005670
7266146514
7266346795
7266445139
7266539233
7266634389
7266653920
7266696983
7266737983
7266781795
7266847608
7266881139
7267243764
7267369420
7267529295
7267603170
7267763514
7268176327
7268306764
7268340577
7268844014
7268893983
7269109639
7269225233
7270389139
7270495483
7270631077
7271228889
7271331733
7271442952
7271621327
7271871389
7272355702
7272367295
7272388733
7272418264
7272436264
7272477233
7272528483
7272569858
7272741983
7272991202
7273117514
7273157014
7273225827
7273289170
7273349577
7273437545
7273670233
7273722545
7273756170
7273961858
7274203264
7274501014
7274698733
7275038920
7275791639
7276390889
7276762670
7276849952
7277093327
7277246514
7277335358
7278568264
7278642858
7278764202
7278930514
7279402795
7279519077
7279715045
7279824702
7280003670
7280599483
7281391483
7281876483
7281927233
7282003983
7296781420
7297301139
7299281670
7304027295
7305587733
7315117795
7315687639
7319457733
7320378889
7329392358
7329444264
7337470733
7337476389
7337583483
7337782577
7337792264
7339975514
7340107639
7341467577
7341925827
7342220733
7342422983
7342718702
7342786702
7342906452
7343026920
7343033327
7343682952
7343784202
7344244014
7344575702
7344671170
7344931764
7345150233
7345352545
7345745327
7345952108
7346080670
7346254608
7346467108
7346531827
7346885139
7347058858
7347222295
7347319483
7347431795
7347509358
7347588514
7347701795
7347856295
7347893233
7348094420
7348294639
7348365389
7348861014
7348894952
7348958639
7349033483
7349065983
7349192264
7349326670
7349381764
7349423202
7349547827
7349789139
7349901483
7350028670
7350585514
7350649170
7350700608
7350763389
7350841202
7350883577
7350909514
7350940045
7351121108
7351205170
7351219014
7351340764
7351385983
7351452952
7351622608
7352734952
7353062358
7353200108
7353354170
7353464577
7353580389
7355267702
7362713045
7362745577
7362999170
7363009608
7363121670
7363130920
7363278045
7363378920
7363429420
7363579483
7363725827
7363939858
7364378670
7365026420
7365270170
7365554889
7365676733
7365797545
7366695702
7366746045
7366855420
7366937045
7367001639
7367027608
7367055170
7367074327
7367111733
7367143827
7367206420
7367218795
7367246889
7367267483
7367295452
7367309920
7367325577
7367350764
7367418795
7367453608
7367490139
7367520952
7367542327
7367581545
7367715889
7367827983
7367893139
7367949045
7367986202
7368039139
7368053827
7368096420
7368128358
7368182014
7368226670
7368289733
7368403514
7368482170
7368503670
7368538545
7368621358
7368676733
7368738327
7368792889
7368819264
7368992420
7369138858
7369225108
7369347264
7369493858
7369632858
7369833889
7370182577
7370311139
7370361202
7370430483
7370518358
7370710170
7370982077
7371130702
7371298358
7371541577
7371564295
7372337827
7372411952
7372518920
7372659889
7372728170
7372928858
7373065420
7373106264
7373159545
7373267577
7373344639
7373416295
7373439358
7373470764
7373551077
7373566139
7373608795
7373712170
7373858233
7373931264
7374838545
7374970889
7375264764
7375662608
7375749827
7375853983
7376124608
7376659483
7376752108
7376807702
7376827764
7376940920
7377017545
7377194014
7377335702
7377408670
7377585358
7377799670
7378776702
7379053920
7379092233
7379174733
7379207264
7379281327
7379386608
7379437858
7379509795
7379577827
7379593170
7379728045
7379801483
7381462108
7381669983
7385825139
7389565389
7391363858
7391527295
7391541452
7391612389
7391790952
7391809389
7391824170
7392003295
7396153577
7396382295
7399421858
7400202170
7400338795
7402808577
7403151608
7403194420
7403203920
7403229952
7403255670
7403535983
7403590327
7403611077
7403627202
7403670858
7403751452
7403890514
7403904764
7403942295
7403952452
7403975483
7403992858
7404072264
7404101608
7404121077
7404146014
7404160639
7404341139
7404497452
7404707639
7404806670
7404832170
7404881358
7404888920
7404943795
7404995889
7405010139
7405028952
7405057545
7405101733
7405154358
7405188483
7405260764
7405280702
7405295389
7405339514
7405396764
7405435858
7405465452
7405552858
7405578702
7405663420
7405741108
7405908358
7405966358
7405992639
7406180514
7413121327
7413291358
7413393014
7413534264
7415740670
7415753983
7415806139
7416333795
7416595795
7416691389
7416845327
7417233827
7417419545
7417647702
7432778108
7432870108
7433534608
7434221670
7434377295
7434699795
7434800545
7434907858
7435040358
7435415608
7437442702
7437456358
7437729045
7445513295
7446163795
7446203639
7446253358
7446281014
7446343170
7446419045
7446477827
7446581670
7446781483
7446972858
7448734077
7448837514
7449263233
7449395827
7450441170
7450570920
7450660764
7450678014
7450705764
7450766295
7451213483
7451320545
7451751795
7451886952
7452137170
7452235920
7452508420
7452734233
7452740295
7452869389
7453611577
7453957452
7454014764
7454116139
7454197077
7454457670
7455911733
7456117514
7456743327
7457170545
7457439264
7457545389
7457785952
7457974264
7458116670
7458185233
7458192264
7458338952
7458567295
7458695545
7458704295
7458866514
7460450920
7461172608
7461470295
7461570608
7462451014
7462660077
7463024889
7463249827
7463359702
7463580545
7463636670
7463795545
7463995170
7464122170
7464256295
7464617264
7465098670
7465384983
7465810389
7465819827
7465939733
7466633077
7468201670
7468267889
7469145327
7489984702
7492355858
7493095702
7493447889
7493703327
7493899545
7494039483
7494074389
7494089920
7494157920
7494389952
7494455014
7494545389
7494691139
7494762420
7494826420
7494883077
7494956452
7495083858
7495128608
7495310295
7495460202
7495512920
7495585202
7495719608
7495745827
7495758514
7495863389
7495895514
7496047670
7496335920
7496790077
7496863420
7496950795
7497054920
7497227045
7497248795
7497297858
7497567608
7497599952
7497614764
7497698202
7497725452
7497790202
7497905420
7497981952
7498093608
7498191483
7506338733
7506965358
7508139264
7508467670
7517985545
7518246545
7518323608
7518445889
7518653670
7518749295
7518765202
7518779764
7519071483
7519625764
7519777764
7520221983
7520298358
7520461202
7520563702
7520706608
7521018577
7521105889
7521287827
7521314889
7521364014
7521427483
7521469014
7521536608
7521545952
7521618014
7521706702
7521885170
7521967202
7522118514
7522231608
7522309327
7522325827
7522357827
7522781920
7522922827
7523066389
7523150452
7523232077
7524971545
7527620702
7538791077
7539687295
7540928139
7541530483
7541601514
7552887295
7555114858
7556852514
7559414483
7559854014
7568557452
7568640389
7568735952
7568884858
7572840577
7572884639
7572891264
7573045952
7573059577
7573173014
7573246483
7573554452
7573597983
7573698139
7573713608
7573954170
7574254264
7574332358
7574433764
7574641358
7576503983
7576516733
7576616514
7576643327
7576754233
7577592545
7578682920
7578764764
7578771545
7578840608
7578997108
7579007014
7579071327
7579109108
7579127889
7579145577
7579175920
7579193764
7579320795
7579406733
7579422920
7579469952
7579533702
7579784608
7579815108
7579826264
7579869983
7579915295
7580048452
7580078139
7580170733
7580307670
7580353577
7580397983
7580457577
7580470108
7580506889
7580531420
7580664139
7580731858
7581691077
7586117108
7586256764
7586328420
7586363983
7586782920
7586862358
7587909420
7588313733
7588736483
7589090233
7589248608
7589297045
7589737389
7590636795
7590729733
7590780514
7590823108
7590850827
7590875452
7590894295
7590920295
7590946795
7590981202
7591017202
7591066045
7591221327
7591267545
7591500358
7591771702
7592257295
7592355827
7602199983
7602453827
7602532514
7602611702
7602679983
7602704764
7602776858
7602803420
7602897827
7603005795
7603176452
7603239389
7603273358
7603289139
7603310045
7603383202
7603596952
7603733545
7603745233
7603813452
7603969389
7603990233
7604176952
7604289795
7604455202
7604765452
7604959327
7605037795
7605100045
7605500733
7605920983
7606068420
7606327608
7606551077
7606686264
7606838077
7606900452
7606974483
7607132514
7607205295
7607304358
7607561295
7607703108
7607839514
7607890702
7612148733
7612263795
7612408889
7612593108
7613151452
7613516639
7613731764
7613796858
7614161139
7615355764
7616189702
7616486889
7616609545
7616639764
7616659702
7616708202
7616754545
7616768670
7616881733
7616965014
7617164577
7617271858
7617348420
7617622545
7618299545
7618459452
7618631920
7619641014
7621858952
7622268702
7623003608
7623054014
7623076202
7623185545
7623195202
7623286202
7623341920
7623408170
7623549264
7623594389
7623618045
7623899077
7624028858
7624048889
7624185452
7624372764
7624528733
7624800045
7625270952
7625389295
7625547452
7625663014
7625730670
7625795045
7625875202
7626027170
7626740389
7627059452
7627175577
7627276170
7627462483
7627753139
7628301327
7628656608
7628753858
7633671827
7633792045
7648077358
7648544452
7649262733
7649510045
7650017795
7650216452
7650423733
7650506577
7650538420
7650611858
7650672514
7650811139
7650912827
7651092639
7651270670
7651307108
7651427233
7651440170
7651591233
7651789358
7651974733
7652484389
7656067045
7656157108
7656425139
7656589233
7661575608
7661711295
7661938420
7662377483
7662526639
7662911733
7663027202
7663250045
7664032733
7666318795
7666376670
7666512827
7666613358
7666654983
7666685889
7666700733
7666744420
7666820045
7666833577
7666872295
7666905483
7666934827
7666970733
7667033983
7667315795
7667429264
7667451858
7667490233
7667568952
7667584264
7667626983
7667647139
7667717077
7667726420
7667815608
7667933639
7667960983
7668000202
7668048483
7668076733
7668095608
7668203545
7668265827
7668750202
7669220577
7669422233
7669538295
7669740233
7669801233
7669948045
7670117545
7671451764
7671762858
7671881889
7671900702
7672025264
7672157983
7672313983
7672377983
7672486233
7672549045
7672638764
7672751920
7672798420
7672896420
7672975670
7673009514
7673077483
7673118295
7673214358
7673232045
7673302639
7673363014
7673427327
7673455545
7673488264
7673522952
7673550764
7673618170
7673656139
7673678733
7673696014
7673752920
7673782952
7673812858
7673849702
7673930577
7673992670
7674077733
7674124264
7674223920
7674290545
7674471858
7674534014
7674647483
7674725483
7674833702
7674971389
7675098733
7675643733
7675763295
7676096327
7676344358
7676444233
7676631858
7676829420
7676982639
7677107983
7677525202
7677910577
7678048452
7680670795
7681631452
7681681295
7681879108
7684493233
7684639545
7684837702
7687474077
7688234077
7688372452
7688457483
7688892077
7689175358
7698266389
7698313889
7698391264
7698826139
7699726014
7699837233
7701773670
7702027670
7702096952
7702138389
7702573389
7704271514
7704446858
7704535452
7704666952
7704890983
7705028452
7705236327
7706321045
7706520202
7706653452
7706889795
7707103327
7707341733
7707460983
7708989920
7709368858
7709639358
7710569108
7711091983
7711650764
7711766139
7711851702
7712130670
7712303452
7712373577
7712489045
7712593795
7712692170
7712865795
7712972764
7713071233
7713130514
7713391795
7713440139
7713540077
7713699514
7713796452
7713918577
7713972670
7714445358
7717034545
7717226889
7725667264
7726471858
7726635077
7726701327
7727697420
7728196483
7728339733
7728426202
7728509795
7728517170
7728590702
7728636202
7728721795
7728733358
7728782920
7728796702
7728829764
7728846670
7728858233
7728876295
7728909858
7728943358
7728967858
7729014827
7729062077
7729091639
7729106983
7729152545
7729222889
7729634264
7730454452
7731514733
7733494295
7737382233
7738525670
7738784389
7738861014
7738948670
7762832608
7768050389
7768680795
7768767702
7770335139
7771160952
7771231858
7771623327
7774561389
7775055514
7775162983
7775252639
7775524420
7775602920
7775678639
7775759577
7776016014
7782694795
7785402795
7785461233
7785551733
7785723233
7785926514
7786064108
7786131077
7786260389
7786363420
7787063514
7788706233
7788976514
7789075108
7789105327
7789125639
7789180733
7789210764
7789242483
7789328327
7789496795
7789516233
7789552202
7789603358
7789655702
7789694452
7789767420
7789785327
7789817920
7789899514
7789915295
7789972233
7790053014
7790244483
7790302233
7790326608
7790473545
7790558983
7790651108
7790704952
7790721077
7790887983
7790907483
7790994264
7791077264
7791151639
7791251202
7791775639
7792644170
7792699202
7792726420
7792858952
7793139139
7793245514
7793400764
7793491233
7793680139
7793831577
7794142045
7794655983
7794868764
7795188452
7796027420
7796282545
7797781733
7798689764
7798760014
7798839170
7798967733
7799008858
7799019420
7799157983
7799334764
7799552889
7799735952
7800515045
7801203545
7801281202
7801344358
7801438764
7801831452
7803489170
7804443670
7804513983
7804818702
7813585514
7813711295
7816919639
7817116327
7817266952
7817353452
7824361420
7828474233
7828571545
7828909952
7832028170
7832271670
7833281952
7833290670
7833604889
7833690858
7833837795
7833923639
7834029295
7834107170
7834235670
7834837577
7835507920
7835628452
7835843233
7841476358
7841606389
7841687764
7841747327
7841788889
7841855358
7841890983
7841982358
7842085295
7842302764
7842417483
7842643920
7842722014
7842858420
7843001983
7843106389
7843353952
7843482952
7843898764
7844476233
7844703420
7844837452
7845121702
7845515889
7846242452
7848834389
7848989733
7849218045
7853113764
7853745358
7854524514
7854764670
7854991202
7855095952
7855324858
7855355608
7855373920
7855391327
7855579358
7855772389
7855826920
7855965389
7856040702
7856107045
7856287702
7856411420
7856460045
7856561233
7856665077
7856797733
7856926702
7856953514
7857019295
7857099045
7857150545
7857284389
7857335733
7857502545
7857526858
7857656389
7857823483
7857938639
7858142077
7858543264
7858857952
7859319577
7859476358
7859887139
7861658670
7865053045
7866028077
7866204327
7867260170
7868014014
7868393545
7868740764
7868859577
7869074327
7869356577
7875559764
7875603733
7875726170
7876930577
7878685858
7879454514
7883323764
7885708858
7885863077
7886252045
7887675952
7887822545
7888542358
7888566670
7888702608
7888856545
7888995545
7889142420
7889319483
7889448920
7890069045
7890293795
7890520108
7890655170
7890975420
7891201764
7891290639
7891453014
7893465014
7893479764
7893542858
7893696608
7893861202
7893967920
7894180670
7894384077
7894674389
7894699702
7894811795
7894827795
7896285452
7896362108
7896416920
7896863295
7896960702
7897060170
7897603608
7899793233
7902715170
7902780545
7902790202
7902929295
7902991952
7903120733
7904865264
7905008639
7905034014
7905224483
7905305420
7905375545
7905495827
7905998139
7907559764
7907916608
7910403952
7911632920
7913835452
7913872639
7914363795
7914651764
7915813014
7916043764
7919117670
7926265920
7926278452
7926505639
7927356702
7928778170
7929131670
7929909483
7929957327
7930248920
7930351514
7930455764
7930697577
7931186452
7931346295
7931430420
7931657420
7931842139
7933566764
7933672733
7933826983
7934067139
7934315327
7934575889
7934724077
7935029608
7935414389
7936380483
7938001139
7938138014
7938162483
7938193952
7938443639
7938490764
7938802170
7938845889
7938929045
7939854827
7940645514
7940813483
7942419389
7942523983
7942566858
7942642733
7942686514
7942732327
7942771858
7942814139
7943043483
7943057639
7943134108
7943158795
7943241389
7943258608
7943328733
7943482670
7943901889
7944044764
7950573170
7951676920
7951688952
7951732702
7951758952
7951768889
7951784920
7952010795
7952134639
7952364952
7953067327
7953888733
7954878202
7954963077
7954983202
7955148608
7955259670
7955380077
7955513608
7958133420
7958244608
7958319264
7958348014
7958371889
7958390420
7958422108
7958452889
7958501952
7958534233
7958561045
7958582577
7958764858
7958823545
7958995639
7959170389
7960074108
7960286045
7960304014
7960874170
7960902858
7960978702
7961053514
7961157514
7961301139
7961478202
7961998170
7962080920
7962110889
7962157920
7962285389
7962350795
7962501639
7962625545
7962706045
7962787608
7962930608
7962949639
7963040608
7963073420
7963154483
7963224233
7963279514
7963342483
7963366014
7963607514
7963683108
7963723983
7963778577
7963811983
7963867483
7963904827
7963968827
7963986077
7964018920
7964043670
7964210420
7964305295
7964832608
7965695452
7965925264
7966139108
7966379920
7966486045
7967968483
7969056733
7969192858
7969423952
7969878952
7969989514
7970078795
7970117608
7970260452
7970361264
7971627108
7972230670
7972291889
7972396295
7972661702
7973030295
7973162952
7973960639
7974023045
7982633045
7983499295
7983849827
7992843577
7995795827
7996192108
7997635827
8001279483
8001561639
8004699295
8004991952
8011301483
8014275952
8015541077
8015572233
8015643608
8016182077
8020139327
8033540514
8036535608
8038771108
8038780108
8038950108
8039163108
8039905264
8040015264
8040146014
8040323389
8049353108
8050692139
8053063514
8053253577
8053288639
8053362920
8053515639
8053529639
8053603764
8053756358
8053774733
8054196358
8054787702
8061781233
8066193983
8066319795
8066328389
8073963139
8097904889
8097912327
8098059077
8108784014
8112797983
8112929889
8118136295
8118150077
8119425264
8127955514
8129784827
8131942077
8131948045
8132002358
8132007233
8132166170
8132218952
8140414608
8140799514
8143873264
8150518983
8151295233
8151631327
8151834795
8157299795
8157439389
8157573420
8157752264
8158666108
8164501827
8176908858
8176916702
8177527983
8178065545
8178447858
8179453358
8179637014
8180088264
8180253202
8180486920
8180525420
8180563358
8180658452
8180818389
8181026920
8181221077
8182100483
8182232014
8182285920
8182392077
8182923327
8187148764
8194161952
8197050170
8197876670
8197883483
8197967514
8197977452
8198086452
8198097202
8198198702
8198877420
8199225420
8199607358
8199832045
8200063045
8200583202
8229611014
8229619452
8233263170
8234584452
8235014233
8239387577
8239497608
8239506827
8242411983
8242677670
8253255670
8253729889
8259171795
8260867795
8260908577
8263850952
8264031889
8264944920
8267695608
8269981202
8269995889
8270070545
8270085514
8270459264
8270979295
8271007420
8271372295
8271564733
8271695577
8271785358
8272014795
8272030108
8272369452
8272477389
8272579795
8272714733
8272786795
8272928483
8273424639
8273698045
8273920202
8276522545
8276650139
8276951327
8278630733
8278700014
8279743327
8280204108
8282337952
8282445014
8282587983
8282634608
8304883327
8304903202
8305401452
8305915952
8307159920
8307305358
8310841733
8311082858
8318300108
8328961045
8329010577
8329037014
8329050952
8329063139
8329163983
8329462670
8329590264
8329706452
8329961139
8330088670
8330096858
8330154577
8330230952
8330264952
8330497420
8330640639
8330775202
8331217639
8331238483
8331503827
8332021670
8332970139
8338713483
8339351264
8339676670
8339759108
8339769233
8339937108
8340057733
8340421358
8340866545
8350769733
8351173358
8351192077
8351551358
8351670327
8353151577
8368971045
8369533139
8369627452
8369834077
8369916889
8369996889
8370130452
8370274702
8370302764
8370337889
8370380889
8370461670
8370486608
8370586795
8370716827
8370792702
8370853577
8370937483
8371097264
8371428233
8371756077
8371984858
8372196295
8372229545
8372284577
8372314045
8372336420
8372414045
8372721295
8372791045
8372872452
8372895264
8372932045
8373654139
8374025452
8374359702
8374419202
8374975108
8375067920
8375525327
8375919670
8376830483
8376895577
8376912889
8376994202
8377355639
8377380858
8377547608
8377804514
8378006577
8378330452
8379071545
8379229264
8379584389
8379652483
8379840045
8379970639
8380022264
8380037483
8380147045
8380290514
8382603420
8382645639
8382746139
8382797045
8382961733
8383013608
8385577014
8386018952
8386051202
8387263952
8387390295
8387537108
8387662170
8387785889
8387808327
8387903733
8387942045
8388104327
8388259608
8388450608
8388465045
8388597014
8388799139
8388943452
8389026670
8389091545
8389455577
8389526389
8389779577
8390073952
8390945889
8391172795
8391191858
8391376358
8391397733
8391816795
8391900983
8392361108
8392410608
8392611889
8394667139
8395109858
8395226295
8395352358
8396159733
8396230920
8396487639
8396673202
8396807327
8396855702
8397005139
8397051827
8397089608
8397125889
8397533233
8397694702
8397811608
8397940108
8398088983
8398397577
8398495670
8398624139
8399250139
8399296889
8399479639
8399726139
8399825702
8400179795
8400273952
8400506327
8400718389
8401241952
8402689670
8402703733
8402954264
8403320920
8405831139
8406626858
8406850420
8406993608
8407375264
8407757264
8410075920
8411198608
8411232639
8411630170
8411874795
8411988014
8412190327
8412384545
8413852639
8413876483
8414679452
8414772389
8414868202
8415180827
8415287389
8415614733
8415719577
8415823264
8415934420
8416080514
8418249420
8419046514
8419571327
8420750952
8421687077
8421904545
8421993639
8422044233
8422099920
8422144389
8422174014
8422248702
8422448045
8422492577
8422506452
8422588858
8422644577
8422728608
8422944764
8423088889
8425427952
8425508670
8425656389
8425839264
8425953514
8426011608
8426052889
8426096077
8426169608
8426218983
8426402420
8426548920
8426640545
8426888327
8427209795
8427388483
8427539764
8427569920
8427792764
8427809202
8427922545
8427957077
8428138858
8428206889
8428285670
8428651764
8428823858
8429301295
8429412952
8429439514
8429530514
8429573452
8429606577
8429676920
8429699920
8430041077
8430385358
8432448389
8435447170
8438497920
8438647858
8441415139
8442007170
8445952733
8448145139
8448429295
8451101889
8451316858
8451399858
8451579795
8451878420
8452112139
8452708202
8453857108
8454035670
8454211108
8456435764
8456471795
8456594827
8456851389
8457072014
8457163233
8457246139
8457344077
8459069077
8459087670
8459205827
8459705295
8460050639
8460327139
8460355077
8460478858
8461255764
8463435577
8463527327
8463598295
8463696420
8463910139
8464003858
8467914670
8467999295
8468561858
8468835577
8468915795
8470772139
8471183170
8471673764
8473580983
8476173077
8476186889
8476382452
8476454014
8476644014
8476783295
8476795295
8476937639
8477976045
8479408264
8479442483
8480361108
8480409202
8480496639
8482185577
8482609920
8483809889
8483825702
8483882233
8483955577
8484009483
8484126514
8485039545
8485360577
8485465358
8485545920
8485785827
8486679889
8487243952
8487444889
8487627170
8487769514
8487822139
8488198577
8491298764
8492092952
8492190452
8492256295
8492326139
8492418983
8492461702
8492561420
8492625858
8492742295
8493332108
8493748639
8494404014
8494681295
8494821045
8497990764
8499332858
8499853795
8500240952
8500283608
8500552045
8500628139
8500704889
8500791233
8500926702
8501087295
8501186452
8501252858
8501348670
8501379077
8501862920
8501916045
8502128264
8502334639
8502469733
8502527514
8502795952
8502916483
8502929108
8503017389
8503291514
8505258952
8505598577
8506156952
8506318889
8507241577
8507388764
8507643670
8507940358
8508173702
8508316389
8508382827
8508496795
8508574670
8508780483
8509040733
8509134920
8509299077
8509553420
8509646514
8509778420
8511825108
8512178170
8512517889
8514098483
8514108858
8514429952
8514903452
8515068420
8515531889
8515624545
8515891795
8517768358
8519865764
8521406389
8521773139
8521921420
8524872108
8526900733
8529027514
8529035045
8529105327
8529560670
8530160920
8535099733
8535383295
8535478920
8539259608
8544289264
8544610827
8560599483
8561034045
8561328514
8561340045
8561456264
8561784139
8562485014
8563535327
8565003483
8565159795
8565565983
8565667233
8566822764
8566924639
8567102764
8567436889
8567555014
8567747702
8567883233
8568436670
8569846452
8570419983
8570809108
8571475514
8571644764
8571767545
8573628514
8574563327
8589605045
8591272733
8592434952
8593436858
8593615670
8594611733
8594712858
8594815483
8595006295
8595240327
8595406733
8596360670
8596609764
8596714577
8597000014
8597010920
8597340420
8597911045
8598013733
8598614389
8599622202
8600185764
8600342920
8600369452
8600400233
8600463139
8600508264
8600578670
8600612858
8600635795
8600919483
8601007545
8601353733
8601495452
8601607577
8601891608
8601939202
8602203233
8602325858
8602806264
8603039077
8603076139
8603210702
8603367702
8603586670
8603885702
8604004358
8604109639
8604637702
8605083639
8605208858
8605703514
8605792889
8605885139
8605947639
8606046670
8606435670
8606497077
8606763295
8607007483
8608117264
8608636670
8609677889
8623596952
8624098389
8624176577
8624206764
8624583014
8624733295
8645787483
8662216514
8664603202
