3952774733
3952962077
3952971077
3953369702
3954128139
3955239077
3956643483
3958662545
3958675733
3958797420
3959009295
3960945608
3962473514
3963038014
3965936108
3969295327
3969739514
3969927327
3970261077
3972320764
3974536327
3977055889
3978173077
3981798545
3982808858
3983753233
3986840077
3986850639
3988865358
3989360389
4004665577
4004751670
4005013733
4005085670
4006010233
4006259202
4006665170
4007201420
4011881483
4014018327
4021135358
4032152764
4032237327
4032423858
4033309389
4033660327
4038762827
4040484858
4040734170
4040815014
4041452014
4044777170
4045242108
4045545608
4045975764
4048549577
4052217077
4059434702
4059474264
4059595577
4060882452
4060890420
4061409014
4064378670
4067580733
4070788045
4074047295
4075702983
4080060920
4080071202
4083014014
4083256639
4083985545
4085562545
4088822858
4090244452
4090288045
4093069983
4094341577
4098673233
4098906702
4099181514
4101124858
4101283545
4101435202
4101732264
4101815577
4101909858
4102065920
4102508045
4102596670
4104142702
4106162889
4106171514
4107414420
4107629920
4107680827
4107865577
4110132920
4110137795
4111098827
4116691077
4117162139
4117584014
4117602514
4117741170
4118451139
4118540170
4127243358
4127368514
4128342108
4128392639
4129715577
4131931608
4133084764
4133130733
4134762764
4134767952
4134944358
4135062139
4135116452
4135576233
4135680920
4137145139
4137342827
4148484952
4148601202
4156152295
4156246545
4156503452
4162026577
4165178920
4166372139
4173307202
4180114920
4180129295
4180143014
4185861889
4193544045
4193550202
4193700702
4193865983
4193963952
4194428545
4197066108
4197190545
4202511639
4208074327
4208889733
4208979483
4209250483
4209259452
4212147952
4212493483
4214880295
4220524920
4220934139
4220982795
4223236295
4224846264
4225657389
4227476827
4228180858
4228187483
4230141014
4230166795
4231843608
4232531170
4233471170
4233590827
4233599858
4236685827
4238967170
4240990670
4242762358
4243328608
4244322170
4244522233
4257359358
4258253545
4262654264
4270518514
4275658608
4275689264
4277489202
4277823389
4278382795
4278399389
4278410202
4278415952
4278445483
4278585202
4280569452
4282899483
4282970795
4285058202
4285848358
4285872420
4289072483
4289529014
4289719420
4290369514
4290432327
4291079983
4291100077
4291229389
4291597045
4292217420
4295816670
4298430077
4298435389
4298619514
4299300389
4301722295
4301760327
4301856983
4301936889
4303301827
4306488795
4307032233
4307139983
4307439327
4307822827
4307872545
4307995108
4308100577
4310081483
4310447733
4310552514
4331058420
4331468889
4332534420
4334031077
4334525639
4338981327
4339755608
4340129827
4340818670
4341597889
4341996608
4342879983
4344848264
4345952952
4345981827
4347496108
4356205952
4358615170
4362637795
4364546327
4365478795
4368808233
4369031545
4369190702
4369321420
4369430139
4369716264
4369822077
4370029014
4374662264
4374745702
4375131264
4377082889
4377150702
4377276358
4377666545
4377892389
4379421639
4381536170
4382338233
4382426483
4382541670
4382560702
4382965202
4383150139
4383290420
4390426608
4390562358
4390686545
4390795483
4391459295
4396838045
4396935045
4398229670
4398429045
4398767452
4401964639
4401999764
4402152608
4402255514
4402721952
4403497827
4403803952
4410642233
4410723920
4412873733
4423146014
4426642670
4434712233
4437024639
4439857014
4439953858
4445005108
4445090202
4445599264
4445995077
4446260733
4446311452
4446519920
4446700452
4446708983
4447078920
4447604983
4447827952
4447957952
4450499139
4456248233
4457887139
4457943014
4458034077
4458249795
4458325983
4458359264
4458424639
4458482702
4458649827
4458812670
4458931983
4458963795
4462161639
4462369670
4464354389
4464993170
4465547483
4467047608
4467163358
4467420858
4467462858
4467676795
4467815827
4467902014
4468980483
4469103983
4469155452
4469192545
4469254014
4469323545
4469337733
4469376202
4469444670
4469520952
4470488858
4470551920
4470634170
4470833545
4471109014
4473668452
4473778514
4474161077
4474478170
4475094483
4475132420
4478637327
4478752108
4480014514
4480104545
4480229795
4480290327
4480414483
4480654202
4481212733
4481367077
4482142139
4482936889
4482948858
4486280420
4486671952
4486817795
4486927139
4487035327
4487162608
4487229983
4487246670
4487388014
4487530577
4487590077
4487655170
4487700920
4490012514
4494664295
4494903202
4495256702
4495953327
4497009733
4497052577
4498291545
4500463514
4501312202
4501984827
4502053670
4502170764
4505463639
4506213233
4509863264
4510103920
4510170358
4518867202
4519599952
4519686983
4521367952
4522297702
4522402108
4522581045
4527251702
4535012639
4536232639
4537412202
4537771639
4537893170
4538450827
4538855764
4539080295
4541004170
4541034858
4541426577
4541632170
4542553170
4545292108
4549681639
4550234327
4550344420
4556283889
4567917670
4567935764
4568159170
4577523952
4577609264
4577769608
4577846920
4577925795
4578474577
4578634670
4578812389
4585049608
4585226889
4585560514
4585667358
4588797202
4589380077
4589559327
4589612264
4592747045
4592861389
4593042045
4594092452
4594108202
4594259920
4594325420
4594451733
4594774170
4595494702
4596469045
4598228389
4598321108
4603033920
4604004014
4604150858
4606665639
4606867608
4608941827
4644042733
4644355733
4644455764
4645075795
4645215108
4645456702
4645721920
4665417858
4675135733
4684454827
4685120233
4685277827
4685379795
4685466983
4685473983
4686310952
4689088545
4694887358
4695103858
4696894077
4703416170
4703602108
4703754014
4703892139
4704096483
4704316858
4704995889
4705212264
4710633014
4717050608
4720862108
4720987733
4721086264
4721155420
4721223514
4721320514
4721397327
4721594264
4721696170
4721739702
4721923045
4722096983
4722181858
4722408889
4722958170
4731088202
4731373452
4731403077
4731595420
4731724670
4731749389
4731955108
4733449764
4733669327
4733790389
4733931170
4734062014
4734236264
4736615295
4736688483
4736804170
4738691920
4738850952
4739059452
4739182858
4739283702
4739373952
4739449452
4739508045
4739573639
4739657827
4739717483
4740140045
4741937233
4742900202
4744151389
4744274233
4744313014
4744539108
4744658233
4745055670
4745123670
4745277202
4745413514
4746011327
4746063077
4746108045
4746181920
4746247295
4746319295
4746406170
4746444295
4746583389
4747626670
4747841670
4747998420
4748117108
4748399389
4752119952
4752141827
4752801952
4752809420
4752966858
4753136827
4753681952
4753819014
4753894858
4753980952
4754134264
4754170045
4755714952
4755874545
4756033514
4756114327
4756161108
4756247795
4756518452
4756704827
4757038983
4757269014
4759561358
4759726045
4759821077
4759959983
4762629358
4769446264
4769718920
4769894858
4770372045
4771468795
4771528358
4778964983
4782594795
4783895952
4792555608
4792601358
4793580295
4793906452
4799073639
4799370639
4799432952
4801569233
4804076108
4805131358
4805260608
4805414420
4805542733
4805597139
4806044389
4806132389
4806258514
4806333858
4808867514
4808955952
4808997858
4809096827
4809215452
4809317045
4811952764
4817311077
4817475702
4817589639
4817623983
4817825639
4818084952
4818350670
4818642608
4818907920
4821371139
4821789577
4824835514
4828492639
4828702639
4833836702
4833888139
4834001452
4834113639
4834222295
4834340452
4834409545
4834690045
4834782264
4834906952
4834973764
4835047639
4835168108
4835292327
4836363045
4836461608
4837937858
4838421014
4838441577
4838620358
4838733639
4838969889
4839021858
4839079670
4839150920
4839350702
4841420608
4841580358
4841933608
4842015045
4842090420
4842255733
4842323577
4842768670
4842867983
4843015608
4843260764
4843425108
4843585420
4843671327
4843968858
4844106233
4844273077
4844391483
4844656327
4845148139
4845238764
4845333670
4845443670
4845863889
4845969764
4846230077
4846316420
4846410202
4846543139
4846624045
4847615827
4848961014
4849250108
4849265420
4849362483
4849445514
4849576108
4849609952
4850106920
4850195420
4850906327
4852290702
4853584452
4853816670
4854008077
4854096920
4854183608
4854226702
4854269170
4854357952
4854749452
4855072358
4855265077
4855483952
4855757608
4855976889
4856050639
4856122108
4856189952
4856241889
4856272702
4856419108
4856570733
4856649639
4856927889
4856963639
4857071827
4857150202
4857183358
4857255139
4857311670
4857389639
4857516420
4857630295
4857752952
4858044014
4858152295
4858275233
4858743202
4858882920
4859061577
4859826483
4860068264
4860231545
4860301077
4860526295
4860855452
4861022764
4861105202
4861342702
4861385108
4861592764
4862969639
4863048733
4863732545
4863843764
4867273827
4867447264
4867527327
4869243014
4869331577
4869767764
4870554264
4870809952
4870916170
4871106108
4872334358
4872447514
4872767920
4873093827
4873474733
4873626827
4873715264
4877648483
4877817327
4877931670
4877992233
4878203170
4878254514
4878509420
4878711014
4878846139
4879446764
4880001983
4880274452
4880374952
4880547108
4882025295
4884594233
4884930452
4885167514
4885501670
4885628045
4885652077
4885736733
4885969889
4886194733
4886278170
4886363045
4886414420
4886518202
4886714045
4886838733
4891299264
4899252108
4901519795
4902551389
4903896858
4904181545
4905245608
4905356108
4905491514
4907683233
4907747858
4909694233
4909821577
4922058639
4922865639
4924548233
4924634045
4924788764
4924855420
4924862983
4924875108
4924885327
4924890702
4924941170
4924995577
4926088858
4926121608
4926191202
4926972108
4927178139
4927465108
4927659889
4928111389
4931778577
4933934983
4933943264
4934063670
4934234702
4938605264
4940366014
4940455233
4940589483
4940722014
4940827983
4941487608
4941663858
4944688639
4945307202
4945526733
4945781327
4945869358
4945931920
4947313295
4947706045
4947775858
4947857045
4948066983
4948230795
4948336764
4948527139
4948741014
4948897452
4955030045
4955159045
4955209608
4955349545
4955787670
4955833608
4955956108
4956040233
4956830639
4956908889
4956979077
4957041045
4957183983
4957457889
4958114639
4959139202
4959322233
4960204577
4960256014
4960810952
4961652077
4961719420
4961835014
4962357639
4962514108
4964004608
4964162577
4964276827
4964641858
4964677358
4964832327
4965519514
4966025077
4966511045
4967193858
4969114358
4969238702
4969312514
4969381608
4969431389
4969505389
4969597014
4969628389
4969769827
4969947983
4972141702
4982312452
4984255889
4984256920
4994739452
5098880795
5099969764
5100234045
5103074858
5111214077
5112355920
5115442827
5115563108
5115823889
5153122795
5154655733
5165198514
5170271233
5174711483
5174934764
5196678139
5198732358
5198944389
5203160702
5206638483
5209283514
5209396264
5209592014
5224565139
5232392952
5245005327
5255545202
5255690952
5256598952
5262876639
5262921327
5263337827
5263458827
5265797670
5269385577
5281309858
5281393389
5281413358
5281428670
5281436014
5281440358
5281531952
5281652014
5281741077
5281776295
5281794983
5283398170
5283469733
5283544483
5284045139
5292372233
5292421827
5292429389
5292441639
5292447702
5292454389
5292460920
5292469608
5292476764
5292491202
5292507827
5292520327
5298185295
5298318014
5299026827
5299267827
5301102827
5301237264
5301259827
5303604827
5303660670
5303917358
5304022733
5309787952
5310180327
5310350202
5310507577
5310559108
5310602764
5310686702
5310719545
5310901358
5311006295
5311125952
5311630952
5336266827
5336296077
5336688920
5356423952
5356625327
5356801858
5356847358
5357087889
5364691233
5364874827
5369050670
5369200514
5372828420
5374044764
5374088670
5377593139
5379430327
5380554202
5384484545
5387416983
5387971733
5397909264
5397929264
5397976639
5398281327
5398440139
5421945483
5422117170
5422130545
5422580264
5422807295
5422876858
5423741952
5433956295
5434075077
5434173639
5434258295
5434999608
5435173764
5435205452
5442897639
5443004702
5443086170
5443233795
5445538889
5453471139
5453627170
5453692670
5460638452
5478658327
5487436795
5487652264
5488013920
5488212483
5488426014
5488496452
5488748233
5489463295
5491474358
5491586077
5491650827
5491806295
5491920670
5492051577
5492106795
5492310795
5492362952
5492395170
5492411108
5492516514
5492583358
5492694108
5492866358
5494754452
5500863170
5506301577
5522408952
5523788452
5523896702
5524652170
5524760170
5524839545
5525018202
5525212764
5525225920
5525440202
5525575608
5525749233
5525902983
5526823514
5527052827
5527093608
5528386264
5528880358
5532545202
5532731202
5532808827
5533012202
5533193202
5533982045
5534311327
5535147452
5538507077
5542505514
5543136952
5544149983
5546057389
5546972420
5547256670
5548182608
5548386827
5548612264
5548706827
5575070264
5575198389
5575260045
5575615139
5577543108
5577653702
5577724202
5577838733
5577910452
5578046545
5578181139
5578268764
5578421077
5578477389
5578522139
5578730327
5585606920
5587725858
5598068639
5634193764
5635384045
5637730202
5637926920
5641932420
5643137764
5643248139
5643512389
5644013952
5644099827
5644292233
5644323952
5644401858
5644566795
5644625702
5644707858
5645165733
5645475014
5647458702
5647578577
5647787920
5647878358
5648046233
5648092827
5648211264
5648780577
5649012327
5649057639
5649125358
5649277170
5649656077
5649885983
5650012577
5650076733
5650473202
5650612639
5650687733
5650771514
5650917514
5650997014
5651200702
5651523670
5651664889
5651746170
5651913483
5652074827
5652115608
5655844702
5656195108
5667069358
5712594889
5716972420
5719432108
5719556327
5719565733
5721563983
5721844264
5722160827
5722529108
5722788514
5723703389
5723910139
5724032202
5724932264
5724967014
5725094264
5725238420
5725396764
5726712108
5749313358
5754241577
5757681202
5757799264
5757909545
5757940889
5761364327
5761393295
5761498545
5763132264
5763269952
5763331920
5763443045
5763545795
5763961264
5764125170
5786939108
5787040170
5787121014
5792033358
5792202014
5846369139
5846523045
5846612889
5846768702
5846803858
5878973733
5879830264
5881410045
5890644920
5890787202
5890989452
5892998795
5894471608
5894554358
5894683202
5902402608
5921829295
5927561420
5927689858
5927756670
5927846170
5927944952
5928198889
5928709108
5928999545
5929081045
5929188577
5932337702
5933131483
5933251514
5933301389
5933420733
5933479452
5933613389
5934142108
5934736764
5934799639
5934906420
5960607264
5960859233
5960890514
5961093233
5961820233
5962553202
5962942483
5963073983
5963426045
5963501108
5964433639
5964925452
5965160358
5965911670
5966333452
5966433327
5966492202
5966575952
5966693639
5966818577
5966928608
5967004764
5967107170
5967370233
5967477264
5969659545
5969995233
5970318108
5970563639
5970727545
5971006389
5971131358
5971217483
5971344327
5971428452
5971564670
5972615358
5972730045
5972858077
5973010358
5973140139
5973275920
5973475858
5973543108
5973631389
5974011077
5974997764
5975076452
5975666545
5975835452
5975986545
5976232702
5976428420
5976453795
5976640358
5976727983
5976779170
5976901483
5976908952
5976996045
5977092483
5977779077
5978021670
6017313077
6017528827
6017623827
6017633889
6017666045
6017772639
6017941108
6018227077
6018440608
6018542920
6021031108
6022122545
6022524764
6024023202
6024111170
6024862077
6025709545
6032817077
6033027983
6095404014
6095775639
6101339108
6101793108
6104576170
6104750139
6104831608
6104898858
6105020045
6105091264
6105454295
6109083170
6109733108
6141344233
6143533514
6143822233
6143877389
6143997139
6144069639
6144121858
6144165889
6144218608
6144367483
6144615795
6144674202
6144792764
6144942295
6176210577
6199013639
6199808045
6201161858
6218952577
6264193545
6264312202
6264407577
6264489233
6264547545
6264651264
6264745795
6264931952
6265160639
6265347858
6265508139
6267998889
6268028014
6268044889
6268092577
6268213764
6268290014
6268364483
6268572358
6268808202
6278974014
6279042639
6281313233
6281418170
6281827670
6282147077
6282411983
6282996389
6312549014
6312678483
6312818108
6400820608
6400926045
6401093889
6405930170
6427353327
6430565983
6435641045
6436992295
6438456014
6438556639
6503341858
6503450045
6503620764
6503684670
6503972108
6504217670
6504302702
6504623420
6504655045
6505030077
6506370858
6507567764
6507851608
6508171452
6509359202
6509375389
6509444639
6509549983
6509613858
6509682983
6510055389
6544232389
6544470233
6544528077
6544660420
6544749920
6547545108
6547678170
6547772170
6547878202
6547979545
6548086577
6548136295
6548260639
6548335327
6548432795
6549537608
6549644889
6566977639
6567330108
6567428139
6567490202
6567609577
6567684327
6567782858
6568618764
6573911702
6575268108
6579302452
6590329202
6599510420
6620066014
6620245764
6620621170
6625706483
6626776139
6627680170
6660135827
6660295014
6660701764
6660786577
6661074733
6662779139
6662807077
6662813827
6662820639
6662905577
6662991827
6663029858
6663084108
6663175327
6663273608
6663337483
6663420327
6663666108
6663825795
6667263139
6670605983
6670711108
6670839764
6715482139
6725383952
6725790327
6725893483
6727144295
6727258264
6763764639
6764018202
6764849170
6764965764
6769247764
6769390858
6769506452
6769580733
6769802733
6772290358
6773100202
6775610764
6776173202
6832957858
6833088983
6833189639
6833284764
6833521577
6834648420
6834880014
6835011358
6835133202
6835234452
6835703139
6835992420
6839190733
6839337264
6872185139
6878912264
6879028827
6879129608
6881499077
6889419920
6889844327
6890011139
6972227389
7030772858
7036581639
7036659202
7036708639
7036757045
7036835514
7036845170
7036993389
7037140295
7037220452
7037468233
7037891202
7038020639
7043984983
7044093983
7044163858
7044693702
7098933139
7099012389
7099199827
7099211639
7099304389
7099574639
7101702327
7102225639
7102480389
7102611045
7102718202
7102855670
7103257420
7103337108
7103419420
7103578577
7103830108
7103887452
7103955545
7104085545
7104098295
7104642702
7105187327
7105544108
7106072827
7106224514
7108279170
7108396108
7108528983
7108558108
7108643514
7108731795
7108889264
7109054920
7109166545
7109331233
7109487827
7110076889
7110385014
7121641202
7121809045
7122003233
7122068702
7122903858
7123805858
7130173389
7130436045
7130717483
7130756264
7131018045
7131095514
7133510920
7133580202
7133593108
7133704608
7133928358
7134476045
7135421764
7147312139
7148469014
7148612577
7148731795
7148873827
7148978858
7149504952
7149596327
7150121795
7150639264
7150810702
7151842202
7151848952
7151997452
7152101483
7152145577
7152182795
7152270889
7152413483
7152482452
7152604702
7152708827
7152765264
7153018483
7153090577
7153170264
7153336327
7153597358
7176755139
7179293764
7181941077
7211671764
7211844170
7217787045
7217876014
7217888545
7217953639
7223127577
7223284202
7223465702
7223850264
7275781045
7280230608
7280792733
7280966202
7281254233
7347485233
7366461045
7366541702
7373492420
7382784108
7382905827
7383140139
7386452358
7386990045
7388194702
7390311577
7390504389
7390660170
7406037608
7416207452
7444203108
7462814514
7462894108
7463180952
7463338202
7463394202
7463512202
7463715233
7464822483
7465422733
7498822452
7499051952
7499681389
7499891920
7500052920
7502337764
7522304920
7524777795
7581431170
7588044420
7588769983
7599702327
7608128233
7611999358
7612084108
7612225420
7622216764
7622377795
7622505608
7622653358
7622807014
7622971264
7623237327
7623372077
7623441545
7623508233
7623570014
7623888858
7624014702
7624340983
7624485795
7624610920
7624705389
7624779483
7624884608
7624989827
7625168577
7625249733
7625354889
7625414170
7627347483
7627437920
7655764795
7655803702
7660098608
7660651264
7661629327
7671134514
7838527545
7840876670
7854603170
7855139952
7880828733
7915589202
7931789327
7965970889
8083921045
8095077670
8119930670
8137858045
8161928264
8189335795
8268067983
8281296483
8299444702
8312530170
8329353858
8332426670
8332469108
8332580077
8332716358
8336775733
8337442420
8338036389
8338057202
8339101327
8340999358
8342072952
8349526858
8350204420
8350266483
8350502702
8350605608
8358495077
8361924702
8364307858
8364411983
8364503139
8364595483
8368886702
8371765389
8371928733
8372086358
8372382233
8388961358
8389148670
8390117139
8390183670
8390287045
8390807170
8391114545
8391190483
8391343764
8391464202
8391611358
8391686608
8393186827
8394569764
8399191420
8399360420
8399715358
8399938264
8404131358
8408215264
8409470670
8410386045
8410497795
8412578764
8413982952
8414178264
8416009483
8416046952
8416132358
8416243483
8416366889
8416511389
8416581514
8420418264
8420755420
8421040483
8421143514
8421262733
8424757827
8429387952
8431356202
8431489295
8431702702
8431855952
8431901420
8431975014
8432016514
8432081483
8432196295
8432253483
8432275202
8432403014
8432460483
8432564483
8432734795
8432846295
8432938608
8433302202
8433374733
8433834077
8433957545
8434037920
8434156170
8434393452
8434476295
8434582295
8435159389
8435363389
8435899608
8436027264
8436238545
8436302420
8436331452
8436410608
8436492920
8436534514
8436592452
8436677108
8436765702
8437283108
8437411889
8437496764
8437637233
8437746483
8437899108
8438427795
8438556202
8438659233
8438828014
8439072358
8439327483
8440449764
8440721608
8440750889
8440876452
8441024514
8441141264
8441225889
8441294327
8441357702
8441503764
8441594358
8441687202
8442160170
8442297858
8442387170
8442473795
8442530795
8442727264
8442788045
8442919389
8443038639
8443203139
8443306952
8443375108
8443487858
8443541139
8443744170
8443833952
8444220702
8444503514
8445191170
8445818170
8445904952
8446239358
8447129420
8447191358
8448150233
8450209420
8450631702
8450699639
8450841170
8453169139
8453475795
8456872702
8459780733
8459969358
8460603264
8465143827
8465197733
8465519514
8465710920
8467670264
8467784170
8467899202
8468053264
8468129920
8468236264
8468814139
8471464014
8471626795
8471674452
8471817014
8471890170
8471992139
8472150983
8473305014
8473368795
8473472420
8475248170
8476548389
8476696389
8476949452
8483304295
8483518577
8484587420
8484666327
8484713983
8484757358
8484835733
8484947639
8485119452
8485167795
8485254170
8485329420
8487373952
8487462139
8487624202
8487795358
8487948233
8488448452
8489297108
8490692233
8490831889
8490995764
8491043545
8491193733
8491385889
8494031327
8494154733
8494342483
8494490389
8494652514
8494832920
8495211233
8495715545
8499998295
8501106952
8502371827
8502667233
8508054952
8508195452
8508286577
8508778608
8509108920
8509180483
8509334514
8509608577
8510085077
8510170733
8510510920
8510890577
8511130170
8511223170
8513886545
8514012952
8518060639
8518327920
8518589639
8518720420
8518860202
8519391952
8519575952
8519744452
8521301920
8521582764
8521695983
8521774170
8521974233
8522067077
8522110358
8522176139
8522354639
8522402889
8522441733
8522569233
8522645420
8522772170
8522947014
8523151045
8523197077
8523410858
8523443483
8523513952
8523576858
8523625920
8523683577
8523796202
8524076139
8524421327
8524496702
8524740170
8524843639
8524915170
8525009233
8525175420
8525249295
8525425764
8525502389
8526134952
8526376483
8526419514
8526460983
8526523170
8526584545
8526768983
8527065983
8527193295
8527405702
8527625733
8527944327
8527979608
8528067795
8528119264
8528170639
8528239639
8528428764
8528473139
8528583702
8529232264
8529327577
8529763358
8530021577
8530157702
8530260889
8530355389
8530421952
8530471327
8530581702
8530751545
8534844233
8539558514
8539669764
8541639608
8541780983
8541907795
8542081077
8542215920
8542358920
8542434764
8542608670
8542712795
8542768483
8542885139
8542928608
8543136420
8543259108
8543447702
8543591983
8543673452
8543777389
8545282514
8545427389
8545505827
8545653608
8545743077
8545900108
8545951670
8547459233
8547583014
8548279233
8551559702
8551757358
8551808858
8552057670
8552141233
8552349327
8552898108
8553084670
8553118670
8553379014
8553700358
8553991827
8555901452
8557174420
8557434420
8557608764
8561857639
8562011670
8562146420
8562332795
8562550045
8562689358
8562790045
8562915608
8563014827
8563140264
8563208514
8563360045
8564635295
8564846764
8565234733
8565342795
8565455233
8565700045
8565741295
8565888983
8565987702
8566060170
8566665983
8568305795
8568617858
8568713233
8568881170
8569020202
8569178358
8569444764
8570302014
8570347983
8570440452
8570530920
8570633420
8570684108
8570731827
8570836983
8570951389
8571048233
8571336858
8572424670
8572968545
8573171858
8573308702
8574473952
8575222170
8576637202
8576735295
8578034295
8579185170
8579427233
8579720264
8579978452
8580084764
8580197170
8585376545
8585538639
8586209170
8586546389
8586685077
8586786170
8587057670
8587110608
8591015858
8591199858
8591821577
8593527327
8593691358
8593827139
8593946139
8595443264
8602163264
8602279045
8604614702
8604832545
8604908202
8604986670
8605116327
8607821108
8608121358
8608311452
8609081827
8609690858
8611761608
8611894170
8611996889
8612965795
8613306264
8614970202
8615086952
8615168764
8615860514
8616028389
8616096452
8616647764
8621371170
8623417858
8623934983
8624060233
8624184795
8624396858
8624439389
8624981952
8625097139
8626420952
8632433045
8633078233
8633174827
8634668045
8634999233
8635398733
8639866983
8643875420
8646222139
8646295889
8646788733
8658185077
8659917545
8660011639
8660078420
8660166795
8661240389
8661669452
8662954483
8664796420
8664903139
8665370420
8666250764
8666508670
8666568389
